4.091887205485273959e+00 6.277200547024411890e+02
4.078427050204072479e+00 6.094134595018167602e+02
4.065055158236189570e+00 5.925850660530021514e+02
4.051770664255025522e+00 5.726294797171266282e+02
4.038572714208592096e+00 5.527143288882487013e+02
4.025460465136487365e+00 5.351575170057834612e+02
4.012433084990414400e+00 5.184532119705468176e+02
3.999489752458187386e+00 5.023607444309474204e+02
3.986629656791118581e+00 4.878517050682485774e+02
3.973851997634736843e+00 4.764750851561101399e+02
3.961155984862741342e+00 4.656681005507630857e+02
3.948540838414133614e+00 4.564232459139715843e+02
3.936005788133453809e+00 4.502905065374755509e+02
3.923550073614043843e+00 4.458306033136271935e+02
3.911172944044283284e+00 4.437771057344712062e+02
3.898873658056722924e+00 4.434495481959763765e+02
3.886651483580055633e+00 4.445595262548224014e+02
3.874505697693868544e+00 4.470752338471709209e+02
3.862435586486099304e+00 4.505597789490633431e+02
3.850440444913161731e+00 4.548788206455841987e+02
3.838519576662656085e+00 4.603217529900689442e+02
3.826672294018635512e+00 4.664743274959290034e+02
3.814897917729347832e+00 4.729986871241094377e+02
3.803195776877416723e+00 4.798347227901186329e+02
3.791565208752409877e+00 4.859922496501569640e+02
3.780005558725725301e+00 4.927921622093300016e+02
3.768516180127775339e+00 5.003154153949121792e+02
3.757096434127387585e+00 5.071681293996471709e+02
3.745745689613407592e+00 5.140811785964455112e+02
3.734463323078427877e+00 5.204167946065327897e+02
3.723248718504618360e+00 5.269759943023952928e+02
3.712101267251610714e+00 5.332355685000469521e+02
3.701020367946382006e+00 5.387946047441287192e+02
3.690005426375112751e+00 5.429486324136872781e+02
3.679055855376967443e+00 5.470272959785223748e+02
3.668171074739757120e+00 5.511866332890413105e+02
3.657350511097457346e+00 5.548930085433039494e+02
3.646593597829523414e+00 5.574894853777557273e+02
3.635899774961988573e+00 5.585911646516123028e+02
3.625268489070286204e+00 5.588747680853961128e+02
3.614699193183783521e+00 5.584570580956476533e+02
3.604191346691970832e+00 5.572311947175888918e+02
3.593744415252283719e+00 5.563309334272174738e+02
3.583357870699531489e+00 5.522280896673938742e+02
3.573031190956881709e+00 5.462615583113565663e+02
3.562763859948384404e+00 5.406191041689883150e+02
3.552555367513002604e+00 5.336777006617987809e+02
3.542405209320108384e+00 5.249279307424008039e+02
3.532312886786432848e+00 5.161203052082779550e+02
3.522277906994426111e+00 5.065547164006638923e+02
3.512299782612005483e+00 4.960283705791471789e+02
3.502378031813666137e+00 4.843145436324940079e+02
3.492512178202923590e+00 4.725256572447727876e+02
3.482701750736061808e+00 4.608824896880747701e+02
3.472946283647164734e+00 4.484984332343651090e+02
3.463245316374407690e+00 4.361847390076785587e+02
3.453598393487570473e+00 4.236289439379252713e+02
3.444005064616772138e+00 4.101739457809753731e+02
3.434464884382376404e+00 3.967671327100555914e+02
3.424977412326071669e+00 3.826703170567025154e+02
3.415542212843079906e+00 3.678917021057273473e+02
3.406158855115488659e+00 3.528115453218088646e+02
3.396826913046679497e+00 3.374181789289978042e+02
3.387545965196824937e+00 3.215625404639847034e+02
3.378315594719448978e+00 3.050893516761298656e+02
3.369135389299016126e+00 2.885787607663310155e+02
3.360004941089533848e+00 2.719506637877944399e+02
3.350923846654156879e+00 2.549982185545569564e+02
3.341891706905762760e+00 2.384049532808463709e+02
3.332908127048488822e+00 2.227397975853359924e+02
3.323972716520209314e+00 2.076514149515256520e+02
3.315085088935930457e+00 1.933848104519261710e+02
3.306244862032101217e+00 1.802307683819108775e+02
3.297451657611802922e+00 1.681146118048301616e+02
3.288705101490816851e+00 1.570958435340163533e+02
3.280004823444544915e+00 1.473303604195915284e+02
3.271350457155773217e+00 1.386604641670249691e+02
3.262741640163258072e+00 1.311530445614817779e+02
3.254178013811123371e+00 1.248082461241900063e+02
3.245659223199052423e+00 1.196453898143804366e+02
3.237184917133258288e+00 1.154879574384124368e+02
3.228754748078223713e+00 1.122013837099126192e+02
3.220368372109189803e+00 1.098757647217426126e+02
3.212025448865383215e+00 1.084369745282199062e+02
3.203725641503973876e+00 1.077724345228577931e+02
3.195468616654736582e+00 1.076161815204778662e+02
3.187254044375418705e+00 1.081547729445436232e+02
3.179081598107790008e+00 1.092974112772539570e+02
3.170950954634368379e+00 1.109478612726032338e+02
3.162861794035811247e+00 1.131104145848137534e+02
3.154813799648950923e+00 1.157583761361400150e+02
3.146806658025477432e+00 1.187849072692715851e+02
3.138840058891235074e+00 1.222267745449843375e+02
3.130913695106156691e+00 1.261388730963211060e+02
3.123027262624780587e+00 1.303279697879227399e+02
3.115180460457381617e+00 1.351470060233777701e+02
3.107372990631674270e+00 1.403144027998962144e+02
3.099604558155094836e+00 1.457814755633661150e+02
3.091874870977651124e+00 1.516130577488506503e+02
3.084183639955318412e+00 1.579219877446043654e+02
3.076530578813989614e+00 1.645990900589325463e+02
3.068915404113955692e+00 1.714166303977420114e+02
3.061337835214908321e+00 1.786718300254042902e+02
3.053797594241472790e+00 1.861355995905280167e+02
3.046294406049232961e+00 1.940426479625719764e+02
3.038827998191269586e+00 2.021170905469482477e+02
3.031398100885178692e+00 2.105542722048793109e+02
3.024004446980580685e+00 2.192501735636010096e+02
3.016646771927099735e+00 2.281739071675473269e+02
3.009324813742810356e+00 2.374337573501075553e+02
3.002038312983142720e+00 2.471249036346563912e+02
2.994787012710236507e+00 2.569626886687046294e+02
2.987570658462741946e+00 2.670595000162815609e+02
2.980388998226052966e+00 2.772524540046512129e+02
2.973241782402968436e+00 2.877123265169992123e+02
2.966128763784779743e+00 2.984303220947486466e+02
2.959049697522763367e+00 3.091355358010970917e+02
2.952004341100090468e+00 3.200781431496067739e+02
2.944992454304128149e+00 3.311816026329876195e+02
2.938013799199141740e+00 3.419991663057429037e+02
2.931068140099380326e+00 3.527846722359270188e+02
2.924155243542542415e+00 3.633445573268371618e+02
2.917274878263618643e+00 3.736304127702691744e+02
2.910426815169103065e+00 3.836899463806892641e+02
2.903610827311564169e+00 3.934500414067795759e+02
2.896826689864575144e+00 4.027220706907667704e+02
2.890074180097990553e+00 4.117646857068882014e+02
2.883353077353576488e+00 4.205162458164220425e+02
2.876663163020969805e+00 4.286741402930364302e+02
2.870004220513977078e+00 4.367529136634373117e+02
2.863376035247200857e+00 4.444418983710651219e+02
2.856778394612990546e+00 4.519782691745715510e+02
2.850211087958708145e+00 4.590011992518161037e+02
2.843673906564307075e+00 4.657230909181787410e+02
2.837166643620224082e+00 4.722795749080489145e+02
2.830689094205566025e+00 4.787789300424788621e+02
2.824241055266601297e+00 4.847521812801359147e+02
2.817822325595540800e+00 4.903942469212000788e+02
2.811432705809609800e+00 4.957131792427373966e+02
2.805071998330402661e+00 5.003170579287302644e+02
2.798740007363516469e+00 5.044142875819019878e+02
2.792436538878464436e+00 5.077431351128636265e+02
2.786161400588849535e+00 5.104164210894801954e+02
2.779914401932820134e+00 5.120531119046714821e+02
2.773695354053776096e+00 5.125991068603747181e+02
2.767504069781334675e+00 5.118609907097789460e+02
2.761340363612556636e+00 5.098351061620945757e+02
2.755204051693417977e+00 5.066081222038479268e+02
2.749094951800527653e+00 5.017567457453635598e+02
2.743012883323092677e+00 4.956327672969491118e+02
2.736957667245116799e+00 4.878223304711574997e+02
2.730929126127836781e+00 4.787489000656390203e+02
2.724927084092390928e+00 4.682859437280329757e+02
2.718951366802714986e+00 4.566521568030198637e+02
2.713001801448660544e+00 4.439075412817002189e+02
2.707078216729340348e+00 4.302207731264663266e+02
2.701180442836683682e+00 4.159325059656271151e+02
2.695308311439212900e+00 4.009654970091021937e+02
2.689461655666026019e+00 3.858705475592099674e+02
2.683640310090991132e+00 3.707234023392508107e+02
2.677844110717144677e+00 3.557299902979445960e+02
2.672072894961288636e+00 3.410614606551941392e+02
2.666326501638791147e+00 3.271325644496674840e+02
2.660604770948579390e+00 3.138961525102710084e+02
2.654907544458325219e+00 3.016051690535411467e+02
2.649234665089824858e+00 2.906289479608568627e+02
2.643585977104558449e+00 2.807454655576888172e+02
2.637961326089442338e+00 2.721270792704569317e+02
2.632360558942755890e+00 2.648007197661301575e+02
2.626783523860249936e+00 2.590663517063662198e+02
2.621230070321433292e+00 2.546958283372434551e+02
2.615700049076029376e+00 2.517570237038426342e+02
2.610193312130606458e+00 2.503438377304034361e+02
2.604709712735373994e+00 2.504455887771709968e+02
2.599249105371148616e+00 2.518485359393125691e+02
2.593811345736481311e+00 2.547267998827318252e+02
2.588396290734943594e+00 2.588894285885639874e+02
2.583003798462578882e+00 2.640907327122126276e+02
2.577633728195505292e+00 2.706782668876460889e+02
2.572285940377672109e+00 2.781051718197027753e+02
2.566960296608773895e+00 2.863918414510263233e+02
2.561656659632309818e+00 2.955484499173753079e+02
2.556374893323789976e+00 3.053128834743676521e+02
2.551114862679090933e+00 3.155658085568747993e+02
2.545876433802952477e+00 3.263653764698407826e+02
2.540659473897618703e+00 3.373464693836897368e+02
2.535463851251611445e+00 3.485691225349227693e+02
2.530289435228648465e+00 3.600622771601733234e+02
2.525136096256696216e+00 3.714527323224468773e+02
2.520003705817150497e+00 3.828354604205484293e+02
2.514892136434154324e+00 3.940472360902379592e+02
2.509801261664044603e+00 4.053134222167939242e+02
2.504730956084925353e+00 4.164211576554915268e+02
2.499681095286367061e+00 4.273732495996720218e+02
2.494651555859231262e+00 4.382605671249091870e+02
2.489642215385618584e+00 4.491423459268683018e+02
2.484652952428934025e+00 4.603116439989108244e+02
2.479683646524075691e+00 4.713760121567449346e+02
2.474734178167740328e+00 4.829873225988496870e+02
2.469804428808840768e+00 4.950392053715318639e+02
2.464894280839041940e+00 5.076263266368178506e+02
2.460003617583408797e+00 5.210823317250986975e+02
2.455132323291164376e+00 5.355473545974057288e+02
2.450280283126557102e+00 5.511294663779835901e+02
2.445447383159838228e+00 5.679955169121130893e+02
2.440633510358342306e+00 5.861999423624550900e+02
2.435838552577677785e+00 6.058843797322233513e+02
2.431062398553015758e+00 6.273894462423213554e+02
2.426304937890485292e+00 6.506887880474604344e+02
2.421566061058667785e+00 6.756153627831889708e+02
2.416845659380190803e+00 7.020461334633846491e+02
2.412143625023420057e+00 7.302971141890992612e+02
2.407459850994248196e+00 7.602638697063954396e+02
2.402794231127980407e+00 7.916563535894730421e+02
2.398146660081311499e+00 8.244773509561632636e+02
2.393517033324397580e+00 8.582456096714064415e+02
2.388905247133020993e+00 8.932219322545730620e+02
2.384311198580842284e+00 9.289425589414397564e+02
2.379734785531742336e+00 9.648216314238518407e+02
2.375175906632256417e+00 1.000876942168794358e+03
2.370634461304087726e+00 1.037065681147740179e+03
2.366110349736713747e+00 1.072622990179224644e+03
2.361603472880072108e+00 1.107588512442255706e+03
2.357113732437334797e+00 1.141337310959386286e+03
2.352641030857756999e+00 1.173698787423885278e+03
2.348185271329616963e+00 1.204909628044180636e+03
2.343746357773228706e+00 1.233577854974322236e+03
2.339324194834034198e+00 1.260135609943795316e+03
2.334918687875777277e+00 1.284544764126463178e+03
2.330529742973755702e+00 1.306640877310148198e+03
2.326157266908138510e+00 1.325257968122029979e+03
2.321801167157374834e+00 1.342082526072451401e+03
2.317461351891659582e+00 1.355927219596660507e+03
2.313137729966488809e+00 1.366744950693763258e+03
2.308830210916271941e+00 1.375971424337017424e+03
2.304538704948025707e+00 1.382447735680869755e+03
2.300263122935135129e+00 1.387494694912707018e+03
2.296003376411181574e+00 1.391083216709898807e+03
2.291759377563840960e+00 1.392929785495817214e+03
2.287531039228852148e+00 1.393904582016584300e+03
2.283318274884047927e+00 1.395652363391061044e+03
2.279120998643452189e+00 1.397180303443436514e+03
2.274939125251445482e+00 1.399345785449545929e+03
2.270772570076992736e+00 1.402899357897239042e+03
2.266621249107930502e+00 1.407936301391091320e+03
2.262485078945324801e+00 1.415021158377151323e+03
2.258363976797883144e+00 1.424760104969692975e+03
2.254257860476432729e+00 1.437451346758859245e+03
2.250166648388453705e+00 1.453505286760721901e+03
2.246090259532677269e+00 1.473141195684504737e+03
2.242028613493739275e+00 1.496887532961870647e+03
2.237981630436891578e+00 1.524138814415158549e+03
2.233949231102771105e+00 1.555144438931100240e+03
2.229931336802226660e+00 1.589998706293322357e+03
2.225927869411199023e+00 1.627905770174049167e+03
2.221938751365659659e+00 1.667926196954414081e+03
2.217963905656597401e+00 1.710908677574490184e+03
2.214003255825067740e+00 1.757183167310289946e+03
2.210056725957286972e+00 1.805101007298543891e+03
2.206124240679782744e+00 1.853903837529948305e+03
2.202205725154596561e+00 1.903520966983047174e+03
2.198301105074535577e+00 1.952492524730672130e+03
2.194410306658474585e+00 1.999963276780689284e+03
2.190533256646709948e+00 2.047113027206735296e+03
2.186669882296363276e+00 2.088589052810174053e+03
2.182820111376827299e+00 2.130032263254137433e+03
2.178983872165268565e+00 2.169025438725849199e+03
2.175161093442171900e+00 2.201446359753732395e+03
2.171351704486931489e+00 2.234221762825670794e+03
2.167555635073493026e+00 2.261744674198846951e+03
2.163772815466034949e+00 2.288373750574661244e+03
2.160003176414700299e+00 2.306755393612524585e+03
2.156246649151370320e+00 2.320836102340092566e+03
2.152503165385482475e+00 2.333813107669243891e+03
2.148772657299892419e+00 2.338284092610103016e+03
2.145055057546778610e+00 2.339158640000000105e+03
2.141350299243589106e+00 2.333152585901567818e+03
2.137658315969030998e+00 2.327707121983528850e+03
2.133979041759101580e+00 2.316274973879615118e+03
2.130312411103158166e+00 2.295144719548160992e+03
2.126658358940030524e+00 2.270134992155956297e+03
2.123016820654174630e+00 2.241571722462092112e+03
2.119387732071859709e+00 2.198379279175988813e+03
2.115771029457402808e+00 2.147427931706405616e+03
2.112166649509434002e+00 2.092422861444473710e+03
2.108574529357207350e+00 2.028383507004005196e+03
2.104994606556940706e+00 1.958024563123223516e+03
2.101426819088199949e+00 1.882075727198924369e+03
2.097871105350317844e+00 1.799986283071077878e+03
2.094327404158847994e+00 1.713484871662374644e+03
2.090795654742053866e+00 1.623368932764522924e+03
2.087275796737437350e+00 1.530651327346991366e+03
2.083767770188299284e+00 1.436500800883364036e+03
2.080271515540332405e+00 1.342687274589444087e+03
2.076786973638254263e+00 1.249631745262819550e+03
2.073314085722471667e+00 1.157864283268774216e+03
2.069852793425773108e+00 1.067929909474480382e+03
2.066403038770062928e+00 9.813265833159754266e+02
2.062964764163124798e+00 8.986230567260454336e+02
2.059537912395411841e+00 8.195641992768962609e+02
2.056122426636878942e+00 7.446844284889878054e+02
2.052718250433837710e+00 6.740050326052451055e+02
2.049325327705847855e+00 6.080034643658334517e+02
2.045943602742636980e+00 5.466316230176870476e+02
2.042573020201051026e+00 4.898484689219963570e+02
2.039213525102036240e+00 4.373896967811106720e+02
2.035865062827648675e+00 3.895073046000808290e+02
2.032527579118094785e+00 3.459673324540056001e+02
2.029201020068801764e+00 3.064575029576050724e+02
2.025885332127512761e+00 2.706109406276530649e+02
2.022580462091416287e+00 2.385324724875492279e+02
2.019286357104296048e+00 2.097151608536435390e+02
2.016002964653720309e+00 1.838472193790925644e+02
2.012730232568243682e+00 1.610095226510091209e+02
2.009468109014648007e+00 1.406395443432658681e+02
2.006216542495207200e+00 1.227539158634182854e+02
2.002975481844972538e+00 1.070535737041772535e+02
1.999744876229093693e+00 9.337229071921015588e+01
1.996524675140157745e+00 8.118083781976710611e+01
1.993314828395559291e+00 7.059766702462549404e+01
1.990115286134892525e+00 6.141417787023841868e+01
1.986925998817368422e+00 5.316754770737728109e+01
1.983746917219260553e+00 4.628470802432251219e+01
1.980577992431370671e+00 4.014222189055492862e+01
1.977419175856520051e+00 3.480000376615042512e+01
1.974270419207066807e+00 3.020457026770522546e+01
1.971131674502445197e+00 2.629282855246228578e+01
1.968002894066726904e+00 2.306267438168940842e+01
1.964884030526208969e+00 2.021938883485637817e+01
1.961775036807021921e+00 1.757113588445669805e+01
1.958675866132761456e+00 1.544109066062796565e+01
1.955586472022141642e+00 1.365528502116810827e+01
1.952506808286673889e+00 1.196569759617051965e+01
1.949436829028361462e+00 1.071556539176672374e+01
1.946376488637422408e+00 9.547719824984474357e+00
1.943325741790027816e+00 8.598949694208474881e+00
1.940284543446068932e+00 7.716813861944837427e+00
1.937252848846934272e+00 6.737826460007836360e+00
1.934230613513319375e+00 6.017897639451597946e+00
1.931217793243049652e+00 5.587026248539396001e+00
1.928214344108923672e+00 5.254648852709266293e+00
1.925220222456580865e+00 4.818537097231748945e+00
1.922235384902384325e+00 4.481537689938912550e+00
1.919259788331328043e+00 3.947244838325449034e+00
1.916293389894958121e+00 3.549395662083179914e+00
1.913336147009317756e+00 3.186405067612610331e+00
1.910388017352908863e+00 3.064960721120186360e+00
1.907448958864673916e+00 2.773396977387357243e+00
1.904518929741993771e+00 2.517730472021297849e+00
1.901597888438708361e+00 2.203667256796413287e+00
1.898685793663151378e+00 2.001572020977953947e+00
1.895782604376204938e+00 2.055323151514337532e+00
1.892888279789370909e+00 1.966089801501666567e+00
1.890002779362862650e+00 2.039171111445720275e+00
1.887126062803710980e+00 1.910836740001548462e+00
1.884258090063887670e+00 1.772057157454025811e+00
1.881398821338449157e+00 1.526061821074842229e+00
1.878548217063693793e+00 1.588884035446630483e+00
1.875706237915337304e+00 1.408875302865337575e+00
1.872872844806703796e+00 1.422893734292172807e+00
1.870047998886934959e+00 1.456554468968575655e+00
1.867231661539213938e+00 1.235170953335894772e+00
1.864423794379004073e+00 1.238894149275489465e+00
1.861624359252309180e+00 1.143877374091839538e+00
1.858833318233940046e+00 9.591038221986720735e-01
1.856050633625805357e+00 1.021601672817884943e+00
1.853276267955213497e+00 1.084447648201469772e+00
1.850510183973191003e+00 9.277794374477552619e-01
1.847752344652813905e+00 1.090941332184613310e+00
1.845002713187556376e+00 9.534386759179581672e-01
1.842261252989655151e+00 1.016780455689483498e+00
1.839527927688483722e+00 1.120950085392789619e+00
1.836802701128945170e+00 9.213865995616310478e-01
1.834085537369878560e+00 8.935973312810320257e-01
1.831376400682478423e+00 9.880781402203587804e-01
1.828675255548728673e+00 1.134294611763991600e+00
1.825982066659849634e+00 8.707534423233135312e-01
1.823296798914761707e+00 8.939138391605551126e-01
1.820619417418558150e+00 7.829531928461861412e-01
1.817949887480994287e+00 6.817072055267785480e-01
1.815288174614989591e+00 8.914237955544948022e-01
1.812634244535143102e+00 6.440379743964415038e-01
1.809988063156259930e+00 8.548708694120102924e-01
1.807349596591891761e+00 7.840202262851811987e-01
1.804718811152893787e+00 8.913928076242499943e-01
1.802095673345985416e+00 7.675173320929378207e-01
1.799480149872333623e+00 6.746305801640015698e-01
1.796872207626141860e+00 7.507822806071415833e-01
1.794271813693253170e+00 6.253966410166409418e-01
1.791678935349765744e+00 6.698475639008413252e-01
1.789093540060660681e+00 7.038751037293925483e-01
1.786515595478440854e+00 6.308387906381424104e-01
1.783945069441781328e+00 5.251112900299187425e-01
1.781381929974192202e+00 3.432790936144376470e-01
1.778826145282694338e+00 5.281378618045543538e-01
1.776277683756501302e+00 9.418650477819618949e-01
1.773736513965719519e+00 8.901715843477598922e-01
1.771202604660054192e+00 7.945246854835795736e-01
1.768675924767528995e+00 6.873846493961485171e-01
1.766156443393216424e+00 7.771235265959288707e-01
1.763644129817977024e+00 9.884152551366456319e-01
1.761138953497213055e+00 6.822516430663850828e-01
1.758640884059628373e+00 6.288592712732915535e-01
1.756149891306002742e+00 5.640636763922044494e-01
1.753665945207974364e+00 7.548482828781946097e-01
1.751189015906833069e+00 4.891355907265745318e-01
1.748719073712324379e+00 3.226334307382547895e-01
1.746256089101461795e+00 4.470163898468105801e-01
1.743800032717353066e+00 7.071360769460995899e-01
1.741350875368030904e+00 5.849730448827678009e-01
1.738908588025298796e+00 5.300225324996080678e-01
1.736473141823582367e+00 7.812297117737216912e-01
1.734044508058794287e+00 6.354493652913765223e-01
1.731622658187203845e+00 7.627805532703519908e-01
1.729207563824320726e+00 6.390092987496278631e-01
1.726799196743785236e+00 8.244392375610209989e-01
1.724397528876269847e+00 1.172029967329160316e+00
1.722002532308386069e+00 8.405746876626277730e-01
1.719614179281606203e+00 7.734711104378237945e-01
1.717232442191188202e+00 1.274679942389623566e+00
1.714857293585114961e+00 9.872616017929494170e-01
1.712488706163035834e+00 9.433045320789295030e-01
1.710126652775224576e+00 1.121459833176535081e+00
1.707771106421539953e+00 1.054149072591560543e+00
1.705422040250395899e+00 1.492452337552969022e+00
1.703079427557744330e+00 1.614563279695249154e+00
1.700743241786060178e+00 1.216700613602158754e+00
1.698413456523339748e+00 1.267491922716077246e+00
1.696090045502103960e+00 1.270966881806127935e+00
1.693772982598412469e+00 6.660257630356233305e-01
1.691462241830884006e+00 1.134389422001850667e+00
1.689157797359724489e+00 1.005526020646658303e+00
1.686859623485765791e+00 8.519037125414682388e-01
1.684567694649508063e+00 1.288413031652482887e+00
1.682281985430173599e+00 1.207256658833866014e+00
1.680002470544766924e+00 1.113525156698467411e+00
1.677729124847141984e+00 6.666554855865597373e-01
1.675461923327078440e+00 1.290269705402415035e+00
1.673200841109363068e+00 1.354886443126113393e+00
1.670945853452881380e+00 8.927279366093500146e-01
1.668696935749714783e+00 7.722206676716047991e-01
1.666454063524244411e+00 9.961406425873035042e-01
1.664217212432265836e+00 1.085328023340951464e+00
1.661986358260104657e+00 6.793447683145124039e-01
1.659761476923745649e+00 3.581443461217408974e-01
1.657542544467965229e+00 5.085972888572279915e-01
1.655329537065471035e+00 4.599879948845542743e-01
1.653122431016050609e+00 6.045587433306529729e-02
1.650921202745722738e+00 0.000000000000000000e+00
1.648725828805901461e+00 0.000000000000000000e+00
1.646536285872560290e+00 0.000000000000000000e+00
1.644352550745408426e+00 0.000000000000000000e+00
1.642174600347070079e+00 0.000000000000000000e+00
1.640002411722272457e+00 0.000000000000000000e+00
1.637835962037038406e+00 0.000000000000000000e+00
1.635675228577886609e+00 0.000000000000000000e+00
1.633520188751037994e+00 0.000000000000000000e+00
1.631370820081629036e+00 0.000000000000000000e+00
1.629227100212927715e+00 0.000000000000000000e+00
1.627089006905561686e+00 0.000000000000000000e+00
1.624956518036747122e+00 0.000000000000000000e+00
1.622829611599526212e+00 0.000000000000000000e+00
1.620708265702010431e+00 0.000000000000000000e+00
1.618592458566629144e+00 0.000000000000000000e+00
1.616482168529384644e+00 0.000000000000000000e+00
1.614377374039111857e+00 0.000000000000000000e+00
1.612278053656746257e+00 0.000000000000000000e+00
1.610184186054594901e+00 0.000000000000000000e+00
1.608095750015613445e+00 0.000000000000000000e+00
1.606012724432691607e+00 0.000000000000000000e+00
1.603935088307940404e+00 0.000000000000000000e+00
1.601862820751986938e+00 0.000000000000000000e+00
1.599795900983274732e+00 0.000000000000000000e+00
1.597734308327368291e+00 0.000000000000000000e+00
1.595678022216265202e+00 0.000000000000000000e+00
1.593627022187709352e+00 0.000000000000000000e+00
1.591581287884515916e+00 0.000000000000000000e+00
1.589540799053895004e+00 0.000000000000000000e+00
1.587505535546783531e+00 0.000000000000000000e+00
1.585475477317184190e+00 0.000000000000000000e+00
1.583450604421504426e+00 0.000000000000000000e+00
1.581430897017905624e+00 0.000000000000000000e+00
1.579416335365653623e+00 0.000000000000000000e+00
1.577406899824475461e+00 0.000000000000000000e+00
1.575402570853923878e+00 0.000000000000000000e+00
1.573403329012738716e+00 0.000000000000000000e+00
1.571409154958222976e+00 0.000000000000000000e+00
1.569420029445617537e+00 0.000000000000000000e+00
1.567435933327481656e+00 0.000000000000000000e+00
1.565456847553078346e+00 0.000000000000000000e+00
1.563482753167765305e+00 0.000000000000000000e+00
1.561513631312390293e+00 0.000000000000000000e+00
1.559549463222689392e+00 0.000000000000000000e+00
1.557590230228690809e+00 0.000000000000000000e+00
1.555635913754125577e+00 0.000000000000000000e+00
1.553686495315837135e+00 0.000000000000000000e+00
1.551741956523201349e+00 0.000000000000000000e+00
1.549802279077547418e+00 0.000000000000000000e+00
3.099604558155094614e-01 0.000000000000000000e+00
