303	2273.62751
304	2192.82232
305	2118.31037
306	2033.61819
307	1950.12541
308	1875.93923
309	1805.64005
310	1738.32460
311	1677.28019
312	1627.68206
313	1580.61603
314	1539.38421
315	1509.07301
316	1484.68486
317	1468.53715
318	1458.23845
319	1452.73742
320	1451.84156
321	1454.05530
322	1458.88998
323	1467.21927
324	1477.66605
325	1489.12715
326	1501.39526
327	1511.37560
328	1523.19208
329	1537.05942
330	1548.68340
331	1560.32219
332	1570.05080
333	1580.30507
334	1589.51542
335	1596.51202
336	1599.25883
337	1601.72430
338	1604.36746
339	1605.64091
340	1603.67890
341	1597.43749
342	1588.91571
343	1578.48374
344	1565.87505
345	1554.29549
346	1533.92761
347	1508.62138
348	1484.47015
349	1457.02422
350	1424.95832
351	1393.07751
352	1359.50123
353	1323.71861
354	1285.16697
355	1246.83004
356	1209.28532
357	1170.20801
358	1131.73040
359	1093.03809
360	1052.45040
361	1012.41799
362	971.06031
363	928.42176
364	885.47966
365	842.21179
366	798.25537
367	753.24020
368	708.61003
369	664.16496
370	619.40152
371	575.97817
372	535.24240
373	496.31317
374	459.74575
375	426.19168
376	395.42884
377	367.55350
378	342.88400
379	321.00574
380	302.02977
381	285.91168
382	272.65145
383	261.80487
384	253.03135
385	246.50119
386	242.01448
387	239.28988
388	237.71287
389	237.67585
390	238.95671
391	241.32593
392	244.77611
393	249.23320
394	254.45289
395	260.50180
396	267.48359
397	274.97625
398	283.71275
399	293.08597
400	302.98486
401	313.53529
402	324.95937
403	337.02018
404	349.24387
405	362.23016
406	375.50519
407	389.53541
408	403.75813
409	418.55835
410	433.72135
411	449.18051
412	465.14312
413	481.78689
414	498.54912
415	515.64452
416	532.75472
417	550.20550
418	567.97465
419	585.54389
420	603.38708
421	621.35612
422	638.61441
423	655.64317
424	672.08703
425	687.86455
426	703.07198
427	717.58345
428	731.06579
429	744.00025
430	756.28317
431	767.38148
432	778.22806
433	788.27503
434	797.95181
435	806.62908
436	814.69183
437	822.38439
438	829.89926
439	836.42942
440	842.32285
441	847.60177
442	851.60723
443	854.70943
444	856.47894
445	857.12307
446	856.01990
447	853.10280
448	848.07561
449	840.96055
450	831.92790
451	820.31132
452	806.71793
453	790.50358
454	772.38646
455	752.18886
456	730.28839
457	706.80350
458	682.02295
459	656.50201
460	630.12964
461	603.77948
462	577.56999
463	551.81953
464	526.78725
465	503.10246
466	480.67632
467	459.87901
468	441.25103
469	424.42957
470	409.65156
471	396.93182
472	386.69235
473	378.56296
474	372.61770
475	368.96762
476	367.56830
477	368.07917
478	370.72973
479	375.21644
480	381.16170
481	389.04676
482	398.06460
483	408.23003
484	419.54305
485	431.61867
486	444.27919
487	457.59864
488	471.05877
489	484.74101
490	498.68239
491	512.36463
492	525.92101
493	539.12940
494	552.30078
495	565.14639
496	577.67364
497	590.00839
498	602.23208
499	614.73712
500	626.99783
501	639.88046
502	653.23693
503	667.18571
504	682.15622
505	698.31873
506	715.79913
507	734.79731
508	755.36510
509	777.66537
510	802.11276
511	828.64801
512	857.03422
513	887.09369
514	919.20402
515	953.20972
516	988.72580
517	1025.73745
518	1063.63015
519	1102.71487
520	1142.40670
521	1181.98007
522	1221.45718
523	1260.78622
524	1299.04171
525	1336.28288
526	1371.76935
527	1405.31601
528	1437.22644
529	1465.86437
530	1491.77771
531	1514.95164
532	1535.22327
533	1551.25993
534	1565.07544
535	1575.31491
536	1581.96353
537	1586.71677
538	1588.26417
539	1588.15311
540	1586.36880
541	1582.60766
542	1577.87662
543	1574.04145
544	1569.97676
545	1566.64504
546	1564.87553
547	1564.75707
548	1566.89677
549	1571.93877
550	1580.17921
551	1592.03271
552	1607.69917
553	1627.71167
554	1651.36685
555	1678.89422
556	1710.35301
557	1744.84736
558	1781.34074
559	1820.71421
560	1863.28612
561	1907.27956
562	1951.88012
563	1997.00634
564	2041.12565
565	2083.35699
566	2124.94419
567	2160.35662
568	2195.47289
569	2227.81273
570	2253.18559
571	2278.72874
572	2298.74124
573	2317.69499
574	2328.17879
575	2334.24991
576	2339.15864
577	2335.52337
578	2328.31946
579	2314.32626
580	2300.96979
581	2281.79392
582	2253.21521
583	2221.02344
584	2185.57399
585	2136.13875
586	2079.51441
587	2019.35104
588	1950.89541
589	1876.83509
590	1797.92528
591	1713.69213
592	1625.83111
593	1535.13443
594	1442.58679
595	1349.30618
596	1256.95845
597	1165.92860
598	1076.69788
599	989.75493
600	906.46206
601	827.30792
602	752.01857
603	681.04564
604	614.36693
605	552.37482
606	494.98048
607	442.10247
608	393.45943
609	349.23647
610	309.18185
611	272.97722
612	240.25978
613	211.08877
614	184.98293
615	161.63872
616	141.10055
617	122.85015
618	106.88013
619	92.90914
620	80.77430
621	70.00175
622	60.68036
623	52.61761
624	45.40629
625	39.40180
626	34.06366
627	29.43627
628	25.46783
629	22.09910
630	19.32267
631	16.88682
632	14.62865
633	12.81472
634	11.29694
635	9.86800
636	8.80926
637	7.82455
638	7.02494
639	6.28456
640	5.47014
641	4.87043
642	4.50764
643	4.22630
644	3.86351
645	3.58217
646	3.14534
647	2.81958
648	2.52342
649	2.41977
650	2.18285
651	1.97554
652	1.72381
653	1.56093
654	1.59795
655	1.52391
656	1.57574
657	1.47208
658	1.36102
659	1.16853
660	1.21295
661	1.07228
662	1.07968
663	1.10189
664	0.93160
665	0.93160
666	0.85757
667	0.71689
668	0.76132
669	0.80574
670	0.68728
671	0.80574
672	0.70209
673	0.74651
674	0.82055
675	0.67247
676	0.65026
677	0.71689
678	0.82055
679	0.62805
680	0.64286
681	0.56141
682	0.48738
683	0.63545
684	0.45776
685	0.60584
686	0.55401
687	0.62805
688	0.53920
689	0.47257
690	0.52439
691	0.43555
692	0.46516
693	0.48738
694	0.43555
695	0.36151
696	0.23565
697	0.36151
698	0.64286
699	0.60584
700	0.53920
701	0.46516
702	0.52439
703	0.66507
704	0.45776
705	0.42074
706	0.37632
707	0.50218
708	0.32449
709	0.21343
710	0.29488
711	0.46516
712	0.38372
713	0.34670
714	0.50959
715	0.41334
716	0.49478
717	0.41334
718	0.53180
719	0.75391
720	0.53920
721	0.49478
722	0.81314
723	0.62805
724	0.59843
725	0.70949
726	0.66507
727	0.93901
728	1.01305
729	0.76132
730	0.79093
731	0.79093
732	0.41334
733	0.70209
734	0.62064
735	0.52439
736	0.79093
737	0.73910
738	0.67987
739	0.40593
740	0.78353
741	0.82055
742	0.53920
743	0.46516
744	0.59843
745	0.65026
746	0.40593
747	0.21343
748	0.30228
749	0.27266
750	0.03574
751	0.00000
752	0.00000
753	0.00000
754	0.00000
755	0.00000
756	0.00000
757	0.00000
758	0.00000
759	0.00000
760	0.00000
761	0.00000
762	0.00000
763	0.00000
764	0.00000
765	0.00000
766	0.00000
767	0.00000
768	0.00000
769	0.00000
770	0.00000
771	0.00000
772	0.00000
773	0.00000
774	0.00000
775	0.00000
776	0.00000
777	0.00000
778	0.00000
779	0.00000
780	0.00000
781	0.00000
782	0.00000
783	0.00000
784	0.00000
785	0.00000
786	0.00000
787	0.00000
788	0.00000
789	0.00000
790	0.00000
791	0.00000
792	0.00000
793	0.00000
794	0.00000
795	0.00000
796	0.00000
797	0.00000
798	0.00000
799	0.00000
800	0.00000
4000	0.0