3.0000E+02	1.5253E+15
3.0100E+02	2.8487E+15
3.0200E+02	4.2721E+15
3.0300E+02	1.0235E+16
3.0400E+02	1.3636E+16
3.0500E+02	2.3645E+16
3.0600E+02	2.6804E+16
3.0700E+02	4.0182E+16
3.0800E+02	5.4733E+16
3.0900E+02	5.8800E+16
3.1000E+02	7.4283E+16
3.1100E+02	1.2133E+17
3.1200E+02	1.3743E+17
3.1300E+02	1.5914E+17
3.1400E+02	1.7704E+17
3.1500E+02	2.0298E+17
3.1600E+02	1.8453E+17
3.1700E+02	2.5852E+17
3.1800E+02	2.6574E+17
3.1900E+02	3.1154E+17
3.2000E+02	3.1091E+17
3.2100E+02	3.8298E+17
3.2200E+02	3.3879E+17
3.2300E+02	3.2683E+17
3.2400E+02	4.2571E+17
3.2500E+02	4.3029E+17
3.2600E+02	5.9245E+17
3.2700E+02	6.2060E+17
3.2800E+02	5.4654E+17
3.2900E+02	6.6249E+17
3.3000E+02	7.4092E+17
3.3100E+02	6.3153E+17
3.3200E+02	6.8859E+17
3.3300E+02	6.8060E+17
3.3400E+02	6.5574E+17
3.3500E+02	7.3866E+17
3.3600E+02	6.6305E+17
3.3700E+02	5.9717E+17
3.3800E+02	6.9593E+17
3.3900E+02	7.4577E+17
3.4000E+02	8.0959E+17
3.4100E+02	7.6390E+17
3.4200E+02	7.9541E+17
3.4300E+02	8.3918E+17
3.4400E+02	6.8230E+17
3.4500E+02	7.5202E+17
3.4600E+02	7.8555E+17
3.4700E+02	8.1403E+17
3.4800E+02	7.8659E+17
3.4900E+02	7.7304E+17
3.5000E+02	8.7921E+17
3.5100E+02	9.2059E+17
3.5200E+02	8.6651E+17
3.5300E+02	8.7253E+17
3.5400E+02	1.0176E+18
3.5500E+02	1.0312E+18
3.5600E+02	9.3729E+17
3.5700E+02	7.7458E+17
3.5800E+02	7.3170E+17
3.5900E+02	8.0061E+17
3.6000E+02	1.0239E+18
3.6100E+02	8.9230E+17
3.6200E+02	9.2029E+17
3.6300E+02	1.0398E+18
3.6400E+02	1.0500E+18
3.6500E+02	1.0841E+18
3.6600E+02	1.2805E+18
3.6700E+02	1.2637E+18
3.6800E+02	1.1690E+18
3.6900E+02	1.2186E+18
3.7000E+02	1.3299E+18
3.7100E+02	1.2252E+18
3.7200E+02	1.1948E+18
3.7300E+02	1.1003E+18
3.7400E+02	9.9221E+17
3.7500E+02	1.0534E+18
3.7600E+02	1.2095E+18
3.7700E+02	1.2811E+18
3.7800E+02	1.5432E+18
3.7900E+02	1.3451E+18
3.8000E+02	1.2721E+18
3.8100E+02	1.3905E+18
3.8200E+02	1.0711E+18
3.8300E+02	8.3293E+17
3.8400E+02	9.3755E+17
3.8500E+02	1.2423E+18
3.8600E+02	1.1484E+18
3.8700E+02	1.2079E+18
3.8800E+02	1.1837E+18
3.8900E+02	1.2788E+18
3.9000E+02	1.4921E+18
3.9100E+02	1.5983E+18
3.9200E+02	1.4978E+18
3.9300E+02	9.0611E+17
3.9400E+02	9.3817E+17
3.9500E+02	1.5351E+18
3.9600E+02	1.4413E+18
3.9700E+02	8.1541E+17
3.9800E+02	1.6349E+18
3.9900E+02	2.0488E+18
4.0000E+02	2.1546E+18
4.0100E+02	2.2407E+18
4.0200E+02	2.3475E+18
4.0300E+02	2.2519E+18
4.0400E+02	2.2982E+18
4.0500E+02	2.2427E+18
4.0600E+02	2.2074E+18
4.0700E+02	2.1718E+18
4.0800E+02	2.2799E+18
4.0900E+02	2.4296E+18
4.1000E+02	2.0846E+18
4.1100E+02	2.3380E+18
4.1200E+02	2.4889E+18
4.1300E+02	2.3910E+18
4.1400E+02	2.3759E+18
4.1500E+02	2.4652E+18
4.1600E+02	2.5549E+18
4.1700E+02	2.4981E+18
4.1800E+02	2.3989E+18
4.1900E+02	2.4890E+18
4.2000E+02	2.3046E+18
4.2100E+02	2.6068E+18
4.2200E+02	2.5918E+18
4.2300E+02	2.5127E+18
4.2400E+02	2.4973E+18
4.2500E+02	2.5888E+18
4.2600E+02	2.5306E+18
4.2700E+02	2.4505E+18
4.2800E+02	2.4778E+18
4.2900E+02	2.2892E+18
4.3000E+02	1.8400E+18
4.3100E+02	1.6750E+18
4.3200E+02	2.7837E+18
4.3300E+02	2.6157E+18
4.3400E+02	2.4251E+18
4.3500E+02	2.6497E+18
4.3600E+02	2.9192E+18
4.3700E+02	2.9919E+18
4.3800E+02	2.6239E+18
4.3900E+02	2.5415E+18
4.4000E+02	2.9238E+18
4.4100E+02	2.8861E+18
4.4200E+02	3.0929E+18
4.4300E+02	3.1445E+18
4.4400E+02	3.0845E+18
4.4500E+02	3.2035E+18
4.4600E+02	2.8739E+18
4.4700E+02	3.2854E+18
4.4800E+02	3.3378E+18
4.4900E+02	3.3453E+18
4.5000E+02	3.4660E+18
4.5100E+02	3.6099E+18
4.5200E+02	3.4586E+18
4.5300E+02	3.2154E+18
4.5400E+02	3.4511E+18
4.5500E+02	3.4358E+18
4.5600E+02	3.5581E+18
4.5700E+02	3.5889E+18
4.5800E+02	3.5276E+18
4.5900E+02	3.5122E+18
4.6000E+02	3.4967E+18
4.6100E+02	3.6203E+18
4.6200E+02	3.6747E+18
4.6300E+02	3.6827E+18
4.6400E+02	3.5972E+18
4.6500E+02	3.5581E+18
4.6600E+02	3.6361E+18
4.6700E+02	3.4794E+18
4.6800E+02	3.6517E+18
4.6900E+02	3.6832E+18
4.7000E+02	3.5491E+18
4.7100E+02	3.6040E+18
4.7200E+02	3.8018E+18
4.7300E+02	3.6670E+18
4.7400E+02	3.7224E+18
4.7500E+02	3.8498E+18
4.7600E+02	3.7142E+18
4.7700E+02	3.7460E+18
4.7800E+02	3.8742E+18
4.7900E+02	3.8099E+18
4.8000E+02	3.8662E+18
4.8100E+02	3.8743E+18
4.8200E+02	3.9066E+18
4.8300E+02	3.8661E+18
4.8400E+02	3.8010E+18
4.8500E+02	3.7844E+18
4.8600E+02	3.0827E+18
4.8700E+02	3.4568E+18
4.8800E+02	3.7341E+18
4.8900E+02	3.5202E+18
4.9000E+02	3.9467E+18
4.9100E+02	3.8065E+18
4.9200E+02	3.6161E+18
4.9300E+02	3.8965E+18
4.9400E+02	3.8049E+18
4.9500E+02	4.0369E+18
4.9600E+02	3.8453E+18
4.9700E+02	3.9281E+18
4.9800E+02	3.8106E+18
4.9900E+02	3.8183E+18
5.0000E+02	3.8008E+18
5.0100E+02	3.7075E+18
5.0200E+02	3.6896E+18
5.0300E+02	3.8742E+18
5.0400E+02	3.6282E+18
5.0500E+02	3.8896E+18
5.0600E+02	4.0501E+18
5.0700E+02	3.8795E+18
5.0800E+02	3.7849E+18
5.0900E+02	3.9717E+18
5.1000E+02	3.8768E+18
5.1100E+02	3.9615E+18
5.1200E+02	4.0724E+18
5.1300E+02	3.8221E+18
5.1400E+02	3.7519E+18
5.1500E+02	3.8629E+18
5.1600E+02	3.8964E+18
5.1700E+02	3.1752E+18
5.1800E+02	3.6507E+18
5.1900E+02	3.5533E+18
5.2000E+02	3.8743E+18
5.2100E+02	3.9079E+18
5.2200E+02	3.9943E+18
5.2300E+02	3.7650E+18
5.2400E+02	4.0623E+18
5.2500E+02	4.0437E+18
5.2600E+02	3.9190E+18
5.2700E+02	3.4489E+18
5.2800E+02	3.9339E+18
5.2900E+02	4.1277E+18
5.3000E+02	3.9754E+18
5.3100E+02	4.1968E+18
5.3200E+02	4.1244E+18
5.3300E+02	3.7028E+18
5.3400E+02	3.9517E+18
5.3500E+02	4.0399E+18
5.3600E+02	4.2093E+18
5.3700E+02	3.8928E+18
5.3800E+02	4.0896E+18
5.3900E+02	4.0158E+18
5.4000E+02	3.8602E+18
5.4100E+02	3.7311E+18
5.4200E+02	4.0655E+18
5.4300E+02	3.9909E+18
5.4400E+02	4.1352E+18
5.4500E+02	4.0605E+18
5.4600E+02	4.0405E+18
5.4700E+02	4.0754E+18
5.4800E+02	3.9725E+18
5.4900E+02	4.1180E+18
5.5000E+02	4.0701E+18
5.5100E+02	4.0775E+18
5.5200E+02	4.1682E+18
5.5300E+02	4.0644E+18
5.5400E+02	4.1555E+18
5.5500E+02	4.1630E+18
5.5600E+02	4.1145E+18
5.5700E+02	4.0097E+18
5.5800E+02	4.1012E+18
5.5900E+02	3.8834E+18
5.6000E+02	3.9749E+18
5.6100E+02	4.2080E+18
5.6200E+02	3.9891E+18
5.6300E+02	4.1663E+18
5.6400E+02	4.0885E+18
5.6500E+02	4.1242E+18
5.6600E+02	3.9036E+18
5.6700E+02	4.1673E+18
5.6800E+02	4.1175E+18
5.6900E+02	4.0388E+18
5.7000E+02	4.0459E+18
5.7100E+02	3.9093E+18
5.7200E+02	4.1465E+18
5.7300E+02	4.1538E+18
5.7400E+02	4.1610E+18
5.7500E+02	4.0525E+18
5.7600E+02	4.0305E+18
5.7700E+02	4.1537E+18
5.7800E+02	4.0154E+18
5.7900E+02	4.0807E+18
5.8000E+02	4.1461E+18
5.8100E+02	4.1825E+18
5.8200E+02	4.2483E+18
5.8300E+02	4.3143E+18
5.8400E+02	4.2923E+18
5.8500E+02	4.2702E+18
5.8600E+02	4.1890E+18
5.8700E+02	4.2848E+18
5.8800E+02	4.1737E+18
5.8900E+02	3.6174E+18
5.9000E+02	3.8612E+18
5.9100E+02	4.1355E+18
5.9200E+02	4.0531E+18
5.9300E+02	4.1196E+18
5.9400E+02	4.0967E+18
5.9500E+02	4.0437E+18
5.9600E+02	4.1705E+18
5.9700E+02	4.2075E+18
5.9800E+02	4.1544E+18
5.9900E+02	4.1613E+18
6.0000E+02	4.1985E+18
6.0100E+02	4.1752E+18
6.0200E+02	4.1215E+18
6.0300E+02	4.1891E+18
6.0400E+02	4.2873E+18
6.0500E+02	4.2944E+18
6.0600E+02	4.2709E+18
6.0700E+02	4.3086E+18
6.0800E+02	4.2850E+18
6.0900E+02	4.2614E+18
6.1000E+02	4.2684E+18
6.1100E+02	4.2447E+18
6.1200E+02	4.3132E+18
6.1300E+02	4.2586E+18
6.1400E+02	4.1419E+18
6.1500E+02	4.3034E+18
6.1600E+02	4.1864E+18
6.1700E+02	4.1310E+18
6.1800E+02	4.2933E+18
6.1900E+02	4.3314E+18
6.2000E+02	4.3384E+18
6.2100E+02	4.3454E+18
6.2200E+02	4.1958E+18
6.2300E+02	4.1712E+18
6.2400E+02	4.1779E+18
6.2500E+02	4.1531E+18
6.2600E+02	4.1598E+18
6.2700E+02	4.2927E+18
6.2800E+02	4.0466E+18
6.2900E+02	4.2114E+18
6.3000E+02	4.1547E+18
6.3100E+02	4.2248E+18
6.3200E+02	4.0724E+18
6.3300E+02	4.3338E+18
6.3400E+02	4.2768E+18
6.3500E+02	4.3475E+18
6.3600E+02	4.2583E+18
6.3700E+02	4.3932E+18
6.3800E+02	4.4322E+18
6.3900E+02	4.4392E+18
6.4000E+02	4.3495E+18
6.4100E+02	4.3563E+18
6.4200E+02	4.3631E+18
6.4300E+02	4.4346E+18
6.4400E+02	4.4091E+18
6.4500E+02	4.4484E+18
6.4600E+02	4.3252E+18
6.4700E+02	4.2993E+18
6.4800E+02	4.2734E+18
6.4900E+02	4.1493E+18
6.5000E+02	4.1884E+18
6.5100E+02	4.4570E+18
6.5200E+02	4.2669E+18
6.5300E+02	4.4050E+18
6.5400E+02	4.3788E+18
6.5500E+02	4.1876E+18
6.5600E+02	3.6656E+18
6.5700E+02	3.8366E+18
6.5800E+02	4.3062E+18
6.5900E+02	4.3127E+18
6.6000E+02	4.3525E+18
6.6100E+02	4.3591E+18
6.6200E+02	4.3324E+18
6.6300E+02	4.3389E+18
6.6400E+02	4.3789E+18
6.6500E+02	4.4524E+18
6.6600E+02	4.4591E+18
6.6700E+02	4.4322E+18
6.6800E+02	4.4725E+18
6.6900E+02	4.5466E+18
6.7000E+02	4.4859E+18
6.7100E+02	4.4926E+18
6.7200E+02	4.4316E+18
6.7300E+02	4.4721E+18
6.7400E+02	4.4788E+18
6.7500E+02	4.4514E+18
6.7600E+02	4.4920E+18
6.7700E+02	4.4646E+18
6.7800E+02	4.5053E+18
6.7900E+02	4.4436E+18
6.8000E+02	4.4844E+18
6.8100E+02	4.4567E+18
6.8200E+02	4.4976E+18
6.8300E+02	4.4354E+18
6.8400E+02	4.4075E+18
6.8500E+02	4.4484E+18
6.8600E+02	4.3513E+18
6.8700E+02	3.1264E+18
6.8800E+02	3.6366E+18
6.8900E+02	3.6419E+18
6.9000E+02	3.8209E+18
6.9100E+02	4.0004E+18
6.9200E+02	4.1107E+18
6.9300E+02	4.1166E+18
6.9400E+02	4.0527E+18
6.9500E+02	4.1635E+18
6.9600E+02	4.1344E+18
6.9700E+02	4.3860E+18
6.9800E+02	4.3220E+18
6.9900E+02	4.2578E+18
7.0000E+02	4.2287E+18
7.0100E+02	4.1641E+18
7.0200E+02	4.1701E+18
7.0300E+02	4.2114E+18
7.0400E+02	4.3237E+18
7.0500E+02	4.3653E+18
7.0600E+02	4.3715E+18
7.0700E+02	4.3421E+18
7.0800E+02	4.3483E+18
7.0900E+02	4.3544E+18
7.1000E+02	4.3963E+18
7.1100E+02	4.4025E+18
7.1200E+02	4.3728E+18
7.1300E+02	4.3072E+18
7.1400E+02	4.3492E+18
7.1500E+02	4.2113E+18
7.1600E+02	4.2532E+18
7.1700E+02	3.7177E+18
7.1800E+02	3.4663E+18
7.1900E+02	3.1128E+18
7.2000E+02	3.3274E+18
7.2100E+02	3.6659E+18
7.2200E+02	4.2162E+18
7.2300E+02	3.8944E+18
7.2400E+02	3.5827E+18
7.2500E+02	3.5293E+18
7.2600E+02	3.6913E+18
7.2700E+02	3.6964E+18
7.2800E+02	3.5512E+18
7.2900E+02	3.5781E+18
7.3000E+02	3.8587E+18
7.3100E+02	3.6652E+18
7.3200E+02	3.9429E+18
7.3300E+02	4.0959E+18
7.3400E+02	4.2493E+18
7.3500E+02	4.2181E+18
7.3600E+02	4.1497E+18
7.3700E+02	4.1554E+18
7.3800E+02	4.2353E+18
7.3900E+02	4.1294E+18
7.4000E+02	4.2468E+18
7.4100E+02	4.2152E+18
7.4200E+02	4.2209E+18
7.4300E+02	4.3388E+18
7.4400E+02	4.3821E+18
7.4500E+02	4.3880E+18
7.4600E+02	4.3563E+18
7.4700E+02	4.3622E+18
7.4800E+02	4.3680E+18
7.4900E+02	4.3361E+18
7.5000E+02	4.3419E+18
7.5100E+02	4.3477E+18
7.5200E+02	4.3535E+18
7.5300E+02	4.3214E+18
7.5400E+02	4.4030E+18
7.5500E+02	4.4089E+18
7.5600E+02	4.3386E+18
7.5700E+02	4.3443E+18
7.5800E+02	4.3882E+18
7.5900E+02	4.2412E+18
7.6000E+02	9.4883E+17
7.6100E+02	5.5166E+17
7.6200E+02	2.4627E+18
7.6300E+02	1.3597E+18
7.6400E+02	1.9346E+18
7.6500E+02	2.4686E+18
7.6600E+02	2.9345E+18
7.6700E+02	3.5137E+18
7.6800E+02	4.0209E+18
7.6900E+02	4.0648E+18
7.7000E+02	4.1864E+18
7.7100E+02	4.2306E+18
7.7200E+02	4.2750E+18
7.7300E+02	4.2805E+18
7.7400E+02	4.2860E+18
7.7500E+02	4.2916E+18
7.7600E+02	4.2971E+18
7.7700E+02	4.3027E+18
7.7800E+02	4.2690E+18
7.7900E+02	4.3137E+18
7.8000E+02	4.2800E+18
7.8100E+02	4.2462E+18
7.8200E+02	4.2910E+18
7.8300E+02	4.2571E+18
7.8400E+02	4.2625E+18
7.8500E+02	4.2679E+18
7.8600E+02	4.2734E+18
7.8700E+02	4.2392E+18
7.8800E+02	4.2049E+18
7.8900E+02	4.1705E+18
7.9000E+02	4.0565E+18
7.9100E+02	4.1014E+18
7.9200E+02	4.0668E+18
7.9300E+02	4.0719E+18
7.9400E+02	4.1170E+18
7.9500E+02	4.0822E+18
7.9600E+02	4.0072E+18
7.9700E+02	4.0924E+18
7.9800E+02	4.1779E+18
7.9900E+02	4.1027E+18
8.0000E+02	4.0273E+18
8.0100E+02	4.0727E+18
8.0200E+02	4.0777E+18
8.0300E+02	4.0262E+18
8.0400E+02	4.0879E+18
8.0500E+02	3.9957E+18
8.0600E+02	4.1792E+18
8.0700E+02	4.1438E+18
8.0800E+02	4.1082E+18
8.0900E+02	4.0156E+18
8.1000E+02	4.0246E+18
8.1100E+02	4.0214E+18
8.1200E+02	3.9242E+18
8.1300E+02	3.8554E+18
8.1400E+02	3.4544E+18
8.1500E+02	3.4299E+18
8.1600E+02	3.1959E+18
8.1700E+02	3.2738E+18
8.1800E+02	3.1667E+18
8.1900E+02	3.4880E+18
8.2000E+02	3.3271E+18
8.2100E+02	3.8561E+18
8.2200E+02	3.6829E+18
8.2300E+02	2.6060E+18
8.2400E+02	3.6296E+18
8.2500E+02	3.7669E+18
8.2600E+02	3.6343E+18
8.2700E+02	3.8343E+18
8.2800E+02	3.3138E+18
8.2900E+02	3.6266E+18
8.3000E+02	3.5808E+18
8.3100E+02	3.6186E+18
8.3200E+02	3.5057E+18
8.3300E+02	3.7489E+18
8.3400E+02	3.6653E+18
8.3500E+02	3.9471E+18
8.3600E+02	3.8255E+18
8.3700E+02	3.9776E+18
8.3800E+02	3.9444E+18
8.3900E+02	3.9575E+18
8.4000E+02	4.0215E+18
8.4100E+02	4.0008E+18
8.4200E+02	3.9547E+18
8.4300E+02	3.9934E+18
8.4400E+02	3.9216E+18
8.4500E+02	4.0454E+18
8.4600E+02	4.0630E+18
8.4700E+02	3.9569E+18
8.4800E+02	3.9658E+18
8.4900E+02	3.9449E+18
8.5000E+02	3.5815E+18
8.5100E+02	3.9113E+18
8.5200E+02	3.8902E+18
8.5300E+02	3.8776E+18
8.5400E+02	3.4264E+18
8.5500E+02	3.6801E+18
8.5600E+02	3.9257E+18
8.5700E+02	4.0036E+18
8.5800E+02	4.0126E+18
8.5900E+02	4.0173E+18
8.6000E+02	4.0046E+18
8.6100E+02	4.0050E+18
8.6200E+02	4.0400E+18
8.6300E+02	4.0707E+18
8.6400E+02	3.9885E+18
8.6500E+02	3.9278E+18
8.6600E+02	3.4658E+18
8.6700E+02	3.7404E+18
8.6800E+02	3.9239E+18
8.6900E+02	3.8891E+18
8.7000E+02	3.9680E+18
8.7100E+02	3.9156E+18
8.7200E+02	3.9771E+18
8.7300E+02	3.9421E+18
8.7400E+02	3.8762E+18
8.7500E+02	3.8234E+18
8.7600E+02	3.9380E+18
8.7700E+02	3.9558E+18
8.7800E+02	3.9426E+18
8.7900E+02	3.8807E+18
8.8000E+02	3.8984E+18
8.8100E+02	3.7742E+18
8.8200E+02	3.8806E+18
8.8300E+02	3.8717E+18
8.8400E+02	3.8894E+18
8.8500E+02	3.9428E+18
8.8600E+02	3.7912E+18
8.8700E+02	3.8089E+18
8.8800E+02	3.8623E+18
8.8900E+02	3.9204E+18
8.9000E+02	3.8800E+18
8.9100E+02	3.8933E+18
8.9200E+02	3.8258E+18
8.9300E+02	3.6818E+18
8.9400E+02	3.5824E+18
8.9500E+02	3.4287E+18
8.9600E+02	3.2205E+18
8.9700E+02	2.8177E+18
8.9800E+02	3.0379E+18
8.9900E+02	2.3262E+18
9.0000E+02	3.1534E+18
9.0100E+02	2.5446E+18
9.0200E+02	2.8516E+18
9.0300E+02	2.9320E+18
9.0400E+02	3.5997E+18
9.0500E+02	3.4898E+18
9.0600E+02	3.3158E+18
9.0700E+02	2.7304E+18
9.0800E+02	2.7929E+18
9.0900E+02	3.0202E+18
9.1000E+02	2.6845E+18
9.1100E+02	2.8663E+18
9.1200E+02	2.9659E+18
9.1300E+02	2.7025E+18
9.1400E+02	2.7009E+18
9.1500E+02	2.9249E+18
9.1600E+02	2.4901E+18
9.1700E+02	3.1575E+18
9.1800E+02	2.5648E+18
9.1900E+02	3.1968E+18
9.2000E+02	3.2281E+18
9.2100E+02	3.3892E+18
9.2200E+02	3.0402E+18
9.2300E+02	3.2433E+18
9.2400E+02	3.1398E+18
9.2500E+02	3.1013E+18
9.2600E+02	3.0673E+18
9.2700E+02	3.4393E+18
9.2800E+02	2.5647E+18
9.2900E+02	2.3898E+18
9.3000E+02	1.8961E+18
9.3100E+02	1.7950E+18
9.3200E+02	1.3231E+18
9.3300E+02	1.0944E+18
9.3400E+02	6.3475E+17
9.3500E+02	1.1061E+18
9.3600E+02	7.1150E+17
9.3700E+02	7.2170E+17
9.3800E+02	8.8774E+17
9.3900E+02	1.7679E+18
9.4000E+02	2.0916E+18
9.4100E+02	1.6532E+18
9.4200E+02	1.8020E+18
9.4300E+02	1.2390E+18
9.4400E+02	1.2736E+18
9.4500E+02	1.6412E+18
9.4600E+02	8.6673E+17
9.4700E+02	1.6590E+18
9.4800E+02	1.2265E+18
9.4900E+02	2.2119E+18
9.5000E+02	6.5997E+17
9.5100E+02	2.1735E+18
9.5200E+02	1.2077E+18
9.5300E+02	1.5448E+18
9.5400E+02	1.9114E+18
9.5500E+02	1.5384E+18
9.5600E+02	1.4823E+18
9.5700E+02	1.2237E+18
9.5800E+02	2.0834E+18
9.5900E+02	1.6945E+18
9.6000E+02	1.9041E+18
9.6100E+02	2.0948E+18
9.6200E+02	2.0049E+18
9.6300E+02	2.2979E+18
9.6400E+02	2.0867E+18
9.6500E+02	2.2978E+18
9.6600E+02	2.2953E+18
9.6700E+02	2.2928E+18
9.6800E+02	2.9823E+18
9.6900E+02	3.1366E+18
9.7000E+02	2.9103E+18
9.7100E+02	3.2750E+18
9.7200E+02	3.1561E+18
9.7300E+02	2.7871E+18
9.7400E+02	2.6428E+18
9.7500E+02	2.7192E+18
9.7600E+02	2.6384E+18
9.7700E+02	2.9510E+18
9.7800E+02	2.8408E+18
9.7900E+02	2.9521E+18
9.8000E+02	2.8022E+18
9.8100E+02	3.3038E+18
9.8200E+02	3.2083E+18
9.8300E+02	3.0978E+18
9.8400E+02	3.4279E+18
9.8500E+02	3.1983E+18
9.8600E+02	3.4994E+18
9.8700E+02	3.4483E+18
9.8800E+02	3.4319E+18
9.8900E+02	3.5050E+18
9.9000E+02	3.4288E+18
9.9100E+02	3.5321E+18
9.9200E+02	3.5257E+18
9.9300E+02	3.4642E+18
9.9400E+02	3.5428E+18
9.9500E+02	3.5363E+18
9.9600E+02	3.5298E+18
9.9700E+02	3.4882E+18
9.9800E+02	3.4867E+18
9.9900E+02	3.4902E+18
1.0000E+03	3.4786E+18
1.0010E+03	3.5224E+18
1.0020E+03	3.4502E+18
1.0030E+03	3.4840E+18
1.0040E+03	3.4369E+18
1.0050E+03	3.2430E+18
1.0060E+03	3.3931E+18
1.0070E+03	3.4674E+18
1.0080E+03	3.4658E+18
1.0090E+03	3.4337E+18
1.0100E+03	3.4371E+18
1.0110E+03	3.4558E+18
1.0120E+03	3.4439E+18
1.0130E+03	3.4422E+18
1.0140E+03	3.4558E+18
1.0150E+03	3.4030E+18
1.0160E+03	3.4217E+18
1.0170E+03	3.3841E+18
1.0180E+03	3.4387E+18
1.0190E+03	3.3241E+18
1.0200E+03	3.3736E+18
1.0210E+03	3.3923E+18
1.0220E+03	3.3390E+18
1.0230E+03	3.3680E+18
1.0240E+03	3.3456E+18
1.0250E+03	3.3849E+18
1.0260E+03	3.3831E+18
1.0270E+03	3.3709E+18
1.0280E+03	3.3793E+18
1.0290E+03	3.3412E+18
1.0300E+03	3.3652E+18
1.0310E+03	3.3529E+18
1.0320E+03	3.3613E+18
1.0330E+03	3.3074E+18
1.0340E+03	3.3314E+18
1.0350E+03	3.3450E+18
1.0360E+03	3.3483E+18
1.0370E+03	3.3149E+18
1.0380E+03	3.3025E+18
1.0390E+03	3.3266E+18
1.0400E+03	3.3088E+18
1.0410E+03	3.3120E+18
1.0420E+03	3.3152E+18
1.0430E+03	3.2869E+18
1.0440E+03	3.3058E+18
1.0450E+03	3.2879E+18
1.0460E+03	3.2068E+18
1.0470E+03	3.2573E+18
1.0480E+03	3.2921E+18
1.0490E+03	3.2741E+18
1.0500E+03	3.2561E+18
1.0510E+03	3.2645E+18
1.0520E+03	3.2464E+18
1.0530E+03	3.2389E+18
1.0540E+03	3.2260E+18
1.0550E+03	3.2397E+18
1.0560E+03	3.2321E+18
1.0570E+03	3.2299E+18
1.0580E+03	3.2010E+18
1.0590E+03	3.1027E+18
1.0600E+03	3.1964E+18
1.0610E+03	3.1246E+18
1.0620E+03	3.1864E+18
1.0630E+03	3.1358E+18
1.0640E+03	3.1870E+18
1.0650E+03	3.1739E+18
1.0660E+03	3.1179E+18
1.0670E+03	3.1369E+18
1.0680E+03	3.1345E+18
1.0690E+03	2.9706E+18
1.0700E+03	3.0649E+18
1.0710E+03	3.1325E+18
1.0720E+03	3.1246E+18
1.0730E+03	3.0681E+18
1.0740E+03	3.1629E+18
1.0750E+03	3.0197E+18
1.0760E+03	3.1363E+18
1.0770E+03	3.0850E+18
1.0780E+03	3.0824E+18
1.0790E+03	3.0961E+18
1.0800E+03	3.0609E+18
1.0810E+03	2.9767E+18
1.0820E+03	3.0230E+18
1.0830E+03	3.0694E+18
1.0840E+03	2.9741E+18
1.0850E+03	3.0533E+18
1.0860E+03	2.8538E+18
1.0870E+03	2.9221E+18
1.0880E+03	3.0617E+18
1.0890E+03	2.9933E+18
1.0900E+03	2.8753E+18
1.0910E+03	3.0427E+18
1.0920E+03	3.0125E+18
1.0930E+03	2.6466E+18
1.0940E+03	2.8032E+18
1.0950E+03	2.7011E+18
1.0960E+03	2.6152E+18
1.0970E+03	3.0097E+18
1.0980E+03	2.6200E+18
1.0990E+03	2.6445E+18
1.1000E+03	2.5362E+18
1.1010E+03	2.5939E+18
1.1020E+03	2.4465E+18
1.1030E+03	2.4376E+18
1.1040E+03	2.4454E+18
1.1050E+03	2.6534E+18
1.1060E+03	2.0768E+18
1.1070E+03	2.5300E+18
1.1080E+03	2.1753E+18
1.1090E+03	2.1717E+18
1.1100E+03	2.5257E+18
1.1110E+03	1.7450E+18
1.1120E+03	2.1832E+18
1.1130E+03	1.4176E+18
1.1140E+03	1.5871E+18
1.1150E+03	1.3191E+18
1.1160E+03	1.0674E+18
1.1170E+03	4.2117E+17
1.1180E+03	1.1538E+18
1.1190E+03	6.0275E+17
1.1200E+03	7.5552E+17
1.1210E+03	9.8757E+17
1.1220E+03	4.3435E+17
1.1230E+03	6.8405E+17
1.1240E+03	5.7715E+17
1.1250E+03	7.7022E+17
1.1260E+03	2.7492E+17
1.1270E+03	8.3967E+17
1.1280E+03	5.3037E+17
1.1290E+03	5.6665E+17
1.1300E+03	3.7772E+17
1.1310E+03	1.5885E+18
1.1320E+03	1.2594E+18
1.1330E+03	8.2133E+17
1.1340E+03	2.2435E+17
1.1350E+03	8.2849E+16
1.1360E+03	6.9197E+17
1.1370E+03	1.5511E+18
1.1380E+03	1.0999E+18
1.1390E+03	1.6169E+18
1.1400E+03	1.3831E+18
1.1410E+03	1.0454E+18
1.1420E+03	1.2188E+18
1.1430E+03	1.6917E+18
1.1440E+03	6.1622E+17
1.1450E+03	7.9544E+17
1.1460E+03	8.5960E+17
1.1470E+03	3.2162E+17
1.1480E+03	1.4795E+18
1.1490E+03	1.1915E+18
1.1500E+03	6.6576E+17
1.1510E+03	1.1125E+18
1.1520E+03	1.3570E+18
1.1530E+03	1.3060E+18
1.1540E+03	7.7846E+17
1.1550E+03	1.7211E+18
1.1560E+03	1.5422E+18
1.1570E+03	1.7299E+18
1.1580E+03	1.7139E+18
1.1590E+03	1.8554E+18
1.1600E+03	1.5767E+18
1.1610E+03	1.9170E+18
1.1620E+03	1.9362E+18
1.1630E+03	2.5878E+18
1.1640E+03	2.2267E+18
1.1650E+03	2.1406E+18
1.1660E+03	2.0779E+18
1.1670E+03	2.2736E+18
1.1680E+03	2.3225E+18
1.1690E+03	2.3481E+18
1.1700E+03	2.5503E+18
1.1710E+03	2.4936E+18
1.1720E+03	2.5370E+18
1.1730E+03	2.5451E+18
1.1740E+03	1.8735E+18
1.1750E+03	2.5257E+18
1.1760E+03	2.6700E+18
1.1770E+03	2.6426E+18
1.1780E+03	2.0163E+18
1.1790E+03	2.7183E+18
1.1800E+03	2.4771E+18
1.1810E+03	2.5565E+18
1.1820E+03	1.8208E+18
1.1830E+03	2.4715E+18
1.1840E+03	2.3663E+18
1.1850E+03	2.2967E+18
1.1860E+03	2.6927E+18
1.1870E+03	2.5754E+18
1.1880E+03	1.8958E+18
1.1890E+03	2.3523E+18
1.1900E+03	2.6239E+18
1.1910E+03	2.5362E+18
1.1920E+03	2.6883E+18
1.1930E+03	2.5825E+18
1.1940E+03	2.6688E+18
1.1950E+03	2.5447E+18
1.1960E+03	2.4565E+18
1.1970E+03	2.7237E+18
1.1980E+03	2.4787E+18
1.1990E+03	2.0884E+18
1.2000E+03	2.5614E+18
1.2010E+03	2.5030E+18
1.2020E+03	2.5051E+18
1.2030E+03	2.4890E+18
1.2040E+03	2.0789E+18
1.2050E+03	2.5053E+18
1.2060E+03	2.7624E+18
1.2070E+03	2.4730E+18
1.2080E+03	2.4933E+18
1.2090E+03	2.3858E+18
1.2100E+03	2.6132E+18
1.2110E+03	2.4324E+18
1.2120E+03	2.4527E+18
1.2130E+03	2.7112E+18
1.2140E+03	2.5118E+18
1.2150E+03	2.4710E+18
1.2160E+03	2.6996E+18
1.2170E+03	2.6405E+18
1.2180E+03	2.6611E+18
1.2190E+03	2.5958E+18
1.2200E+03	2.6655E+18
1.2210E+03	2.7045E+18
1.2220E+03	2.6268E+18
1.2230E+03	2.5858E+18
1.2240E+03	2.6126E+18
1.2250E+03	2.7011E+18
1.2260E+03	2.7341E+18
1.2270E+03	2.5325E+18
1.2280E+03	2.7324E+18
1.2290E+03	2.7346E+18
1.2300E+03	2.6997E+18
1.2310E+03	2.7701E+18
1.2320E+03	2.7413E+18
1.2330E+03	2.6690E+18
1.2340E+03	2.7644E+18
1.2350E+03	2.7355E+18
1.2360E+03	2.7626E+18
1.2370E+03	2.7337E+18
1.2380E+03	2.7609E+18
1.2390E+03	2.7319E+18
1.2400E+03	2.7216E+18
1.2410E+03	2.7363E+18
1.2420E+03	2.7385E+18
1.2430E+03	2.7157E+18
1.2440E+03	2.6991E+18
1.2450E+03	2.7138E+18
1.2460E+03	2.7285E+18
1.2470E+03	2.7182E+18
1.2480E+03	2.7329E+18
1.2490E+03	2.7414E+18
1.2500E+03	2.7247E+18
1.2510E+03	2.7017E+18
1.2520E+03	2.6913E+18
1.2530E+03	2.6745E+18
1.2540E+03	2.6514E+18
1.2550E+03	2.6977E+18
1.2560E+03	2.6366E+18
1.2570E+03	2.6134E+18
1.2580E+03	2.6725E+18
1.2590E+03	2.5669E+18
1.2600E+03	2.5943E+18
1.2610E+03	2.4757E+18
1.2620E+03	2.3824E+18
1.2630E+03	2.4097E+18
1.2640E+03	2.2398E+18
1.2650E+03	2.3881E+18
1.2660E+03	2.3262E+18
1.2670E+03	2.3472E+18
1.2680E+03	2.2405E+18
1.2690E+03	1.4949E+18
1.2700E+03	2.3464E+18
1.2710E+03	2.4762E+18
1.2720E+03	2.4845E+18
1.2730E+03	2.4672E+18
1.2740E+03	2.4692E+18
1.2750E+03	2.5096E+18
1.2760E+03	2.5373E+18
1.2770E+03	2.5586E+18
1.2780E+03	2.6056E+18
1.2790E+03	2.5948E+18
1.2800E+03	2.5775E+18
1.2810E+03	2.5279E+18
1.2820E+03	2.2846E+18
1.2830E+03	2.4931E+18
1.2840E+03	2.5791E+18
1.2850E+03	2.6005E+18
1.2860E+03	2.6219E+18
1.2870E+03	2.5916E+18
1.2880E+03	2.5806E+18
1.2890E+03	2.5177E+18
1.2900E+03	2.5457E+18
1.2910E+03	2.5736E+18
1.2920E+03	2.4390E+18
1.2930E+03	2.5451E+18
1.2940E+03	2.4949E+18
1.2950E+03	2.5034E+18
1.2960E+03	2.4074E+18
1.2970E+03	2.2983E+18
1.2980E+03	2.4308E+18
1.2990E+03	2.5373E+18
1.3000E+03	2.1858E+18
1.3010E+03	2.2530E+18
1.3020E+03	2.4317E+18
1.3030E+03	2.1515E+18
1.3040E+03	1.8643E+18
1.3050E+03	2.3913E+18
1.3060E+03	2.3997E+18
1.3070E+03	1.9081E+18
1.3080E+03	2.1663E+18
1.3090E+03	2.3986E+18
1.3100E+03	1.8861E+18
1.3110E+03	2.0921E+18
1.3120E+03	2.0805E+18
1.3130E+03	1.9697E+18
1.3140E+03	1.8058E+18
1.3150E+03	1.7940E+18
1.3160E+03	2.0405E+18
1.3170E+03	1.9625E+18
1.3180E+03	2.0966E+18
1.3190E+03	1.6932E+18
1.3200E+03	1.6347E+18
1.3210E+03	1.8886E+18
1.3220E+03	1.9100E+18
1.3230E+03	1.4719E+18
1.3240E+03	1.6596E+18
1.3250E+03	2.0411E+18
1.3260E+03	1.7756E+18
1.3270E+03	1.6901E+18
1.3280E+03	1.4908E+18
1.3290E+03	1.1307E+18
1.3300E+03	1.4596E+18
1.3310E+03	9.1796E+17
1.3320E+03	9.2535E+17
1.3330E+03	1.2951E+18
1.3340E+03	1.0812E+18
1.3350E+03	1.4785E+18
1.3360E+03	1.1703E+18
1.3370E+03	1.0500E+18
1.3380E+03	1.1383E+18
1.3390E+03	1.1324E+18
1.3400E+03	1.0793E+18
1.3410E+03	1.0936E+18
1.3420E+03	1.1417E+18
1.3430E+03	8.1806E+17
1.3440E+03	4.8579E+17
1.3450E+03	6.9740E+17
1.3460E+03	3.7403E+17
1.3470E+03	3.8651E+17
1.3480E+03	3.0401E+16
1.3490E+03	1.0390E+17
1.3500E+03	1.0330E+17
1.3510E+03	2.9721E+16
1.3520E+03	9.7328E+15
1.3530E+03	6.1300E+14
1.3540E+03	1.8540E+15
1.3550E+03	2.2919E+13
1.3560E+03	3.0718E+14
1.3570E+03	4.5975E+14
1.3580E+03	2.6730E+13
1.3590E+03	4.6590E+12
1.3600E+03	1.3624E+13
1.3610E+03	3.0352E+10
1.3620E+03	1.1313E+08
1.3630E+03	2.0173E+13
1.3640E+03	8.6518E+12
1.3650E+03	5.6690E+07
1.3660E+03	8.1832E+13
1.3670E+03	3.1931E+13
1.3680E+03	9.1593E+05
1.3690E+03	3.3080E+12
1.3700E+03	1.8690E+12
1.3710E+03	1.2561E+11
1.3720E+03	1.7681E+13
1.3730E+03	2.8753E+14
1.3740E+03	1.1620E+15
1.3750E+03	2.1043E+15
1.3760E+03	1.6763E+15
1.3770E+03	7.9718E+14
1.3780E+03	7.2145E+15
1.3790E+03	3.4016E+14
1.3800E+03	5.3215E+14
1.3810E+03	1.5434E+13
1.3820E+03	1.6628E+13
1.3830E+03	2.8475E+11
1.3840E+03	3.9922E+12
1.3850E+03	1.3596E+13
1.3860E+03	1.6397E+13
1.3870E+03	1.3057E+15
1.3880E+03	2.6412E+13
1.3890E+03	3.8248E+15
1.3900E+03	3.2468E+15
1.3910E+03	2.2688E+15
1.3920E+03	1.5627E+14
1.3930E+03	7.6437E+14
1.3940E+03	4.9684E+14
1.3950E+03	4.4032E+12
1.3960E+03	4.1041E+10
1.3970E+03	3.2421E+14
1.3980E+03	8.4452E+15
1.3990E+03	5.3947E+15
1.4000E+03	2.1073E+10
1.4010E+03	6.8694E+10
1.4020E+03	1.2281E+16
1.4030E+03	1.5891E+16
1.4040E+03	4.9405E+15
1.4050E+03	2.4048E+12
1.4060E+03	1.3660E+16
1.4070E+03	1.1687E+15
1.4080E+03	1.1057E+16
1.4090E+03	4.1494E+15
1.4100E+03	3.1303E+15
1.4110E+03	1.4206E+16
1.4120E+03	1.7770E+16
1.4130E+03	1.5791E+17
1.4140E+03	2.4487E+15
1.4150E+03	1.2395E+15
1.4160E+03	2.4165E+17
1.4170E+03	7.9893E+16
1.4180E+03	9.2085E+16
1.4190E+03	1.4573E+16
1.4200E+03	5.6258E+16
1.4210E+03	6.2378E+16
1.4220E+03	3.1641E+17
1.4230E+03	6.2968E+16
1.4240E+03	1.1613E+17
1.4250E+03	1.7647E+17
1.4260E+03	1.9023E+17
1.4270E+03	3.3979E+17
1.4280E+03	3.1127E+16
1.4290E+03	2.6113E+17
1.4300E+03	4.2401E+17
1.4310E+03	3.4578E+17
1.4320E+03	1.7301E+16
1.4330E+03	2.4672E+17
1.4340E+03	1.4438E+17
1.4350E+03	1.4737E+17
1.4360E+03	2.6458E+17
1.4370E+03	2.0617E+17
1.4380E+03	9.1936E+16
1.4390E+03	3.5351E+17
1.4400E+03	2.7402E+17
1.4410E+03	2.2053E+17
1.4420E+03	2.5189E+17
1.4430E+03	3.1309E+17
1.4440E+03	4.2961E+17
1.4450E+03	3.4626E+17
1.4460E+03	1.6087E+17
1.4470E+03	2.5204E+17
1.4480E+03	8.0912E+17
1.4490E+03	7.1340E+17
1.4500E+03	1.9125E+17
1.4510E+03	7.8889E+16
1.4520E+03	4.3638E+17
1.4530E+03	5.7419E+17
1.4540E+03	9.6619E+17
1.4550E+03	4.6365E+17
1.4560E+03	6.2082E+17
1.4570E+03	8.2149E+17
1.4580E+03	9.6151E+17
1.4590E+03	1.1458E+18
1.4600E+03	6.0121E+17
1.4610E+03	6.3619E+17
1.4620E+03	9.1999E+17
1.4630E+03	3.0491E+17
1.4640E+03	1.0760E+18
1.4650E+03	6.6006E+17
1.4660E+03	4.6051E+17
1.4670E+03	2.5478E+17
1.4680E+03	5.4465E+17
1.4690E+03	6.7222E+17
1.4700E+03	3.5151E+17
1.4710E+03	1.2663E+17
1.4720E+03	3.3124E+17
1.4730E+03	4.9831E+17
1.4740E+03	6.9231E+17
1.4750E+03	1.3143E+18
1.4760E+03	4.8966E+17
1.4770E+03	4.9668E+17
1.4780E+03	4.5238E+17
1.4790E+03	8.5623E+17
1.4800E+03	4.3287E+17
1.4810E+03	8.2756E+17
1.4820E+03	4.1779E+17
1.4830E+03	1.0601E+18
1.4840E+03	9.8612E+17
1.4850E+03	8.9708E+17
1.4860E+03	8.8272E+17
1.4870E+03	4.3417E+17
1.4880E+03	6.7642E+17
1.4890E+03	1.3642E+18
1.4900E+03	1.2601E+18
1.4910E+03	1.4261E+18
1.4920E+03	1.1867E+18
1.4930E+03	1.3078E+18
1.4940E+03	1.4591E+18
1.4950E+03	1.3171E+18
1.4960E+03	1.2200E+18
1.4970E+03	1.6429E+18
1.4980E+03	1.3725E+18
1.4990E+03	1.5771E+18
1.5000E+03	1.8198E+18
1.5010E+03	1.9193E+18
1.5020E+03	1.6937E+18
1.5030E+03	1.3392E+18
1.5040E+03	1.1660E+18
1.5050E+03	1.3334E+18
1.5060E+03	1.8726E+18
1.5070E+03	1.8511E+18
1.5080E+03	1.7688E+18
1.5090E+03	1.3598E+18
1.5100E+03	1.9764E+18
1.5110E+03	1.9321E+18
1.5120E+03	1.9029E+18
1.5130E+03	1.7671E+18
1.5140E+03	1.6463E+18
1.5150E+03	1.9448E+18
1.5160E+03	1.8774E+18
1.5170E+03	1.8252E+18
1.5180E+03	1.8493E+18
1.5190E+03	1.7894E+18
1.5200E+03	1.9436E+18
1.5210E+03	2.0214E+18
1.5220E+03	1.9385E+18
1.5230E+03	2.0624E+18
1.5240E+03	2.0331E+18
1.5250E+03	1.9039E+18
1.5260E+03	1.9743E+18
1.5270E+03	1.9371E+18
1.5280E+03	2.0615E+18
1.5290E+03	2.0167E+18
1.5300E+03	1.8870E+18
1.5310E+03	1.9962E+18
1.5320E+03	2.0669E+18
1.5330E+03	2.0528E+18
1.5340E+03	2.0001E+18
1.5350E+03	1.9859E+18
1.5360E+03	2.0414E+18
1.5370E+03	2.0349E+18
1.5380E+03	2.0285E+18
1.5390E+03	2.0298E+18
1.5400E+03	1.9769E+18
1.5410E+03	2.0092E+18
1.5420E+03	2.0105E+18
1.5430E+03	2.0351E+18
1.5440E+03	2.0364E+18
1.5450E+03	2.0689E+18
1.5460E+03	2.0546E+18
1.5470E+03	2.0482E+18
1.5480E+03	2.0028E+18
1.5490E+03	2.0508E+18
1.5500E+03	2.0287E+18
1.5510E+03	2.0301E+18
1.5520E+03	2.0392E+18
1.5530E+03	2.0405E+18
1.5540E+03	1.9949E+18
1.5550E+03	2.0118E+18
1.5560E+03	1.9818E+18
1.5570E+03	2.0379E+18
1.5580E+03	2.0235E+18
1.5590E+03	2.0248E+18
1.5600E+03	2.0104E+18
1.5610E+03	2.0431E+18
1.5620E+03	2.0209E+18
1.5630E+03	2.0222E+18
1.5640E+03	1.9920E+18
1.5650E+03	2.0247E+18
1.5660E+03	1.9945E+18
1.5670E+03	1.9958E+18
1.5680E+03	1.9497E+18
1.5690E+03	1.9351E+18
1.5700E+03	1.8415E+18
1.5710E+03	1.7873E+18
1.5720E+03	1.8122E+18
1.5730E+03	1.7817E+18
1.5740E+03	1.8383E+18
1.5750E+03	1.8315E+18
1.5760E+03	1.8803E+18
1.5770E+03	1.6513E+18
1.5780E+03	1.7953E+18
1.5790E+03	1.8123E+18
1.5800E+03	1.8692E+18
1.5810E+03	1.9022E+18
1.5820E+03	1.8556E+18
1.5830E+03	1.8966E+18
1.5840E+03	1.9138E+18
1.5850E+03	1.9868E+18
1.5860E+03	1.9641E+18
1.5870E+03	1.9414E+18
1.5880E+03	1.9266E+18
1.5890E+03	1.7838E+18
1.5900E+03	1.8650E+18
1.5910E+03	1.8662E+18
1.5920E+03	1.9475E+18
1.5930E+03	1.9888E+18
1.5940E+03	1.9740E+18
1.5950E+03	1.9913E+18
1.5960E+03	1.8881E+18
1.5970E+03	1.9054E+18
1.5980E+03	1.9629E+18
1.5990E+03	1.8755E+18
1.6000E+03	1.8445E+18
1.6010E+03	1.7328E+18
1.6020E+03	1.7420E+18
1.6030E+03	1.7350E+18
1.6040E+03	1.7764E+18
1.6050E+03	1.8422E+18
1.6060E+03	1.8757E+18
1.6070E+03	1.8121E+18
1.6080E+03	1.7890E+18
1.6090E+03	1.7739E+18
1.6100E+03	1.6939E+18
1.6110E+03	1.7680E+18
1.6120E+03	1.8015E+18
1.6130E+03	1.8514E+18
1.6140E+03	1.8606E+18
1.6150E+03	1.8862E+18
1.6160E+03	1.8060E+18
1.6170E+03	1.8397E+18
1.6180E+03	1.9060E+18
1.6190E+03	1.8909E+18
1.6200E+03	1.8431E+18
1.6210E+03	1.8361E+18
1.6220E+03	1.8699E+18
1.6230E+03	1.9037E+18
1.6240E+03	1.9130E+18
1.6250E+03	1.8733E+18
1.6260E+03	1.8908E+18
1.6270E+03	1.9002E+18
1.6280E+03	1.9014E+18
1.6290E+03	1.9025E+18
1.6300E+03	1.8709E+18
1.6310E+03	1.8802E+18
1.6320E+03	1.8814E+18
1.6330E+03	1.8414E+18
1.6340E+03	1.8426E+18
1.6350E+03	1.8519E+18
1.6360E+03	1.8695E+18
1.6370E+03	1.8047E+18
1.6380E+03	1.7481E+18
1.6390E+03	1.7492E+18
1.6400E+03	1.7090E+18
1.6410E+03	1.7431E+18
1.6420E+03	1.7607E+18
1.6430E+03	1.7121E+18
1.6440E+03	1.7794E+18
1.6450E+03	1.7390E+18
1.6460E+03	1.7318E+18
1.6470E+03	1.8158E+18
1.6480E+03	1.7339E+18
1.6490E+03	1.7516E+18
1.6500E+03	1.8025E+18
1.6510E+03	1.6706E+18
1.6520E+03	1.7880E+18
1.6530E+03	1.7891E+18
1.6540E+03	1.7319E+18
1.6550E+03	1.7829E+18
1.6560E+03	1.7757E+18
1.6570E+03	1.7851E+18
1.6580E+03	1.8112E+18
1.6590E+03	1.7789E+18
1.6600E+03	1.7967E+18
1.6610E+03	1.8061E+18
1.6620E+03	1.7654E+18
1.6630E+03	1.7916E+18
1.6640E+03	1.7843E+18
1.6650E+03	1.7099E+18
1.6660E+03	1.4425E+18
1.6670E+03	1.7036E+18
1.6680E+03	1.7382E+18
1.6690E+03	1.7392E+18
1.6700E+03	1.7991E+18
1.6710E+03	1.7749E+18
1.6720E+03	1.7171E+18
1.6730E+03	1.7602E+18
1.6740E+03	1.7528E+18
1.6750E+03	1.7370E+18
1.6760E+03	1.7212E+18
1.6770E+03	1.7307E+18
1.6780E+03	1.7063E+18
1.6790E+03	1.7327E+18
1.6800E+03	1.6745E+18
1.6810E+03	1.5909E+18
1.6820E+03	1.6596E+18
1.6830E+03	1.7114E+18
1.6840E+03	1.6192E+18
1.6850E+03	1.7474E+18
1.6860E+03	1.7230E+18
1.6870E+03	1.6815E+18
1.6880E+03	1.7250E+18
1.6890E+03	1.7005E+18
1.6900E+03	1.6845E+18
1.6910E+03	1.5834E+18
1.6920E+03	1.7035E+18
1.6930E+03	1.7386E+18
1.6940E+03	1.6885E+18
1.6950E+03	1.7236E+18
1.6960E+03	1.7246E+18
1.6970E+03	1.4865E+18
1.6980E+03	1.7096E+18
1.6990E+03	1.6935E+18
1.7000E+03	1.6517E+18
1.7020E+03	1.6879E+18
1.7050E+03	1.6394E+18
1.7100E+03	1.5581E+18
1.7150E+03	1.5799E+18
1.7200E+03	1.5672E+18
1.7250E+03	1.4936E+18
1.7300E+03	1.4631E+18
1.7350E+03	1.3625E+18
1.7400E+03	1.4278E+18
1.7450E+03	1.3177E+18
1.7500E+03	1.4096E+18
1.7550E+03	1.3076E+18
1.7600E+03	1.3644E+18
1.7650E+03	1.1373E+18
1.7700E+03	1.2207E+18
1.7750E+03	9.9185E+17
1.7800E+03	8.7009E+17
1.7850E+03	6.6765E+17
1.7900E+03	7.7405E+17
1.7950E+03	4.0934E+17
1.8000E+03	2.7819E+17
1.8050E+03	1.2994E+17
1.8100E+03	8.4922E+16
1.8150E+03	2.8781E+16
1.8200E+03	8.6673E+15
1.8250E+03	1.1208E+16
1.8300E+03	4.5509E+13
1.8350E+03	5.6257E+13
1.8400E+03	5.4928E+11
1.8450E+03	5.5078E+13
1.8500E+03	2.6449E+13
1.8550E+03	2.5120E+12
1.8600E+03	9.9253E+13
1.8650E+03	1.5210E+14
1.8700E+03	2.3535E+09
1.8750E+03	3.9927E+09
1.8800E+03	7.0319E+14
1.8850E+03	3.9950E+14
1.8900E+03	2.0361E+15
1.8950E+03	1.1829E+15
1.9000E+03	7.8719E+12
1.9050E+03	5.1882E+12
1.9100E+03	2.1250E+14
1.9150E+03	1.8509E+14
1.9200E+03	4.2045E+15
1.9250E+03	8.7798E+15
1.9300E+03	5.1883E+15
1.9350E+03	3.3996E+16
1.9400E+03	3.1154E+16
1.9450E+03	1.0379E+17
1.9500E+03	1.6001E+17
1.9550E+03	9.6153E+16
1.9600E+03	2.1016E+17
1.9650E+03	2.7500E+17
1.9700E+03	4.7206E+17
1.9750E+03	6.5819E+17
1.9800E+03	7.2763E+17
1.9850E+03	8.0342E+17
1.9900E+03	8.3649E+17
1.9950E+03	7.9541E+17
2.0000E+03	3.7555E+17
2.0050E+03	1.4837E+17
2.0100E+03	3.9361E+17
2.0150E+03	2.6272E+17
2.0200E+03	4.4642E+17
2.0250E+03	7.3907E+17
2.0300E+03	8.4820E+17
2.0350E+03	9.6810E+17
2.0400E+03	9.0167E+17
2.0450E+03	9.1829E+17
2.0500E+03	6.8731E+17
2.0550E+03	5.5657E+17
2.0600E+03	7.0311E+17
2.0650E+03	6.3100E+17
2.0700E+03	6.7109E+17
2.0750E+03	7.9388E+17
2.0800E+03	8.9213E+17
2.0850E+03	8.7643E+17
2.0900E+03	9.2061E+17
2.0950E+03	9.2914E+17
2.1000E+03	8.9330E+17
2.1050E+03	9.6961E+17
2.1100E+03	9.3474E+17
2.1150E+03	9.5824E+17
2.1200E+03	9.1782E+17
2.1250E+03	9.3068E+17
2.1300E+03	9.4467E+17
2.1350E+03	9.5011E+17
2.1400E+03	9.5988E+17
2.1450E+03	9.4808E+17
2.1500E+03	8.9834E+17
2.1550E+03	9.0260E+17
2.1600E+03	8.9817E+17
2.1650E+03	8.1633E+17
2.1700E+03	8.7829E+17
2.1750E+03	8.6389E+17
2.1800E+03	8.8124E+17
2.1850E+03	8.0407E+17
2.1900E+03	8.5442E+17
2.1950E+03	8.5637E+17
2.2000E+03	7.7304E+17
2.2050E+03	8.0477E+17
2.2100E+03	8.6556E+17
2.2150E+03	8.3406E+17
2.2200E+03	8.5271E+17
2.2250E+03	8.2887E+17
2.2300E+03	8.3522E+17
2.2350E+03	8.2022E+17
2.2400E+03	8.0965E+17
2.2450E+03	7.8659E+17
2.2500E+03	8.0080E+17
2.2550E+03	7.5490E+17
2.2600E+03	7.4861E+17
2.2650E+03	7.6395E+17
2.2700E+03	7.2907E+17
2.2750E+03	7.2151E+17
2.2800E+03	7.4835E+17
2.2850E+03	7.1318E+17
2.2900E+03	7.1705E+17
2.2950E+03	6.9666E+17
2.3000E+03	6.7039E+17
2.3050E+03	6.7533E+17
2.3100E+03	7.3029E+17
2.3150E+03	6.6661E+17
2.3200E+03	5.9797E+17
2.3250E+03	6.4725E+17
2.3300E+03	6.5568E+17
2.3350E+03	6.7002E+17
2.3400E+03	5.3009E+17
2.3450E+03	5.9615E+17
2.3500E+03	4.8267E+17
2.3550E+03	5.5364E+17
2.3600E+03	5.8690E+17
2.3650E+03	5.7862E+17
2.3700E+03	3.6151E+17
2.3750E+03	5.1889E+17
2.3800E+03	5.0081E+17
2.3850E+03	3.6379E+17
2.3900E+03	4.3314E+17
2.3950E+03	4.7624E+17
2.4000E+03	5.1952E+17
2.4050E+03	3.9953E+17
2.4100E+03	4.0279E+17
2.4150E+03	3.2582E+17
2.4200E+03	3.1796E+17
2.4250E+03	3.9675E+17
2.4300E+03	5.3580E+17
2.4350E+03	1.7897E+17
2.4400E+03	5.2327E+17
2.4450E+03	2.5109E+17
2.4500E+03	1.6527E+17
2.4550E+03	3.0155E+17
2.4600E+03	4.0619E+17
2.4650E+03	2.9534E+17
2.4700E+03	2.0392E+17
2.4750E+03	2.0184E+17
2.4800E+03	9.8628E+16
2.4850E+03	6.8929E+16
2.4900E+03	4.3120E+16
2.4950E+03	3.5420E+16
2.5000E+03	8.7216E+16
2.5050E+03	1.8790E+16
2.5100E+03	2.7419E+16
2.5150E+03	6.4190E+15
2.5200E+03	4.5796E+15
2.5250E+03	5.0972E+14
2.5300E+03	7.7819E+12
2.5350E+03	2.1439E+12
2.5400E+03	4.6288E+12
2.5450E+03	6.5340E+08
2.5500E+03	3.3633E+06
2.5550E+03	1.2734E+10
2.5600E+03	3.7889E+08
2.5650E+03	1.9240E+05
2.5700E+03	1.8113E+01
2.5750E+03	1.2263E-08
2.5800E+03	4.4419E-03
2.5850E+03	1.8999E-15
2.5900E+03	6.1280E-12
2.5950E+03	2.6258E-14
2.6000E+03	5.0915E-09
2.6050E+03	6.5701E-16
2.6100E+03	6.6221E-15
2.6150E+03	1.2348E-18
2.6200E+03	6.5683E-10
2.6250E+03	4.4137E-09
2.6300E+03	1.8536E-26
2.6350E+03	4.7754E+03
2.6400E+03	1.4353E+03
2.6450E+03	1.0892E+01
2.6500E+03	1.7209E+00
2.6550E+03	1.5237E-08
2.6600E+03	3.1067E-06
2.6650E+03	1.2732E-18
2.6700E+03	0.0000E+00
2.6750E+03	0.0000E+00
2.6800E+03	0.0000E+00
2.6850E+03	0.0000E+00
2.6900E+03	1.2242E-10
2.6950E+03	8.6286E-14
2.7000E+03	0.0000E+00
2.7050E+03	3.6086E-23
2.7100E+03	1.3915E-16
2.7150E+03	4.7017E-07
2.7200E+03	5.7510E-26
2.7250E+03	9.1910E-03
2.7300E+03	7.6000E+00
2.7350E+03	6.8842E-02
2.7400E+03	2.9242E-08
2.7450E+03	1.6444E-04
2.7500E+03	2.0904E-09
2.7550E+03	8.5572E-25
2.7600E+03	0.0000E+00
2.7650E+03	3.4102E-08
2.7700E+03	1.0737E-04
2.7750E+03	5.1688E-19
2.7800E+03	6.3397E-15
2.7850E+03	5.0893E-08
2.7900E+03	1.6152E+03
2.7950E+03	4.7980E+03
2.8000E+03	2.2412E+07
2.8050E+03	9.1785E+05
2.8100E+03	5.5169E+09
2.8150E+03	3.9395E+09
2.8200E+03	2.8109E+08
2.8250E+03	2.4319E+12
2.8300E+03	5.4422E+13
2.8350E+03	2.9257E+09
2.8400E+03	2.7307E+12
2.8450E+03	5.7288E+14
2.8500E+03	1.6212E+13
2.8550E+03	6.3239E+12
2.8600E+03	3.5994E+14
2.8650E+03	2.3942E+15
2.8700E+03	8.9577E+13
2.8750E+03	5.6156E+15
2.8800E+03	3.5521E+15
2.8850E+03	6.5210E+15
2.8900E+03	2.6769E+15
2.8950E+03	3.8620E+16
2.9000E+03	1.1752E+16
2.9050E+03	1.6087E+15
2.9100E+03	3.9700E+16
2.9150E+03	1.8343E+16
2.9200E+03	4.2335E+16
2.9250E+03	1.5903E+16
2.9300E+03	8.6435E+16
2.9350E+03	9.5447E+16
2.9400E+03	2.3976E+16
2.9450E+03	2.1349E+16
2.9500E+03	7.7223E+16
2.9550E+03	3.4661E+16
2.9600E+03	6.8247E+16
2.9650E+03	1.1060E+17
2.9700E+03	5.2330E+15
2.9750E+03	1.2700E+16
2.9800E+03	1.9952E+16
2.9850E+03	1.0429E+17
2.9900E+03	1.5504E+17
2.9950E+03	6.4229E+16
3.0000E+03	1.1810E+17
3.0050E+03	4.3567E+16
3.0100E+03	1.0349E+17
3.0150E+03	8.3934E+16
3.0200E+03	9.5627E+15
3.0250E+03	1.1391E+17
3.0300E+03	9.2435E+16
3.0350E+03	3.8044E+16
3.0400E+03	3.0760E+16
3.0450E+03	6.4228E+16
3.0500E+03	1.5815E+16
3.0550E+03	4.4138E+15
3.0600E+03	9.6894E+16
3.0650E+03	4.4746E+16
3.0700E+03	2.6891E+16
3.0750E+03	9.3034E+16
3.0800E+03	5.5973E+16
3.0850E+03	2.7333E+16
3.0900E+03	3.6866E+16
3.0950E+03	1.0143E+16
3.1000E+03	6.8509E+16
3.1050E+03	1.4334E+16
3.1100E+03	1.3151E+16
3.1150E+03	3.5440E+16
3.1200E+03	1.5408E+17
3.1250E+03	4.7509E+16
3.1300E+03	9.0602E+16
3.1350E+03	1.7991E+17
3.1400E+03	5.2480E+16
3.1450E+03	5.1297E+16
3.1500E+03	1.0561E+17
3.1550E+03	8.9419E+16
3.1600E+03	1.4667E+17
3.1650E+03	2.2306E+17
3.1700E+03	1.9948E+17
3.1750E+03	1.4753E+17
3.1800E+03	1.6969E+17
3.1850E+03	1.2955E+17
3.1900E+03	6.7929E+16
3.1950E+03	4.3105E+16
3.2000E+03	7.0236E+15
3.2050E+03	4.9694E+15
3.2100E+03	2.1815E+15
3.2150E+03	7.9952E+15
3.2200E+03	2.5936E+16
3.2250E+03	3.2145E+15
3.2300E+03	5.5122E+15
3.2350E+03	1.1872E+17
3.2400E+03	6.1001E+16
3.2450E+03	1.1941E+16
3.2500E+03	4.2538E+16
3.2550E+03	1.6271E+17
3.2600E+03	2.0022E+16
3.2650E+03	4.0105E+16
3.2700E+03	2.0083E+16
3.2750E+03	9.7766E+16
3.2800E+03	4.7224E+16
3.2850E+03	1.8356E+17
3.2900E+03	1.4509E+17
3.2950E+03	2.0237E+16
3.3000E+03	2.9570E+16
3.3050E+03	6.5553E+16
3.3100E+03	6.5319E+16
3.3150E+03	2.6868E+14
3.3200E+03	9.9778E+14
3.3250E+03	5.8919E+16
3.3300E+03	7.8118E+16
3.3350E+03	1.5244E+17
3.3400E+03	5.8176E+16
3.3450E+03	5.9611E+16
3.3500E+03	1.3542E+17
3.3550E+03	6.1309E+16
3.3600E+03	8.8633E+16
3.3650E+03	1.2197E+17
3.3700E+03	6.6842E+16
3.3750E+03	1.4391E+17
3.3800E+03	8.7118E+16
3.3850E+03	1.2797E+17
3.3900E+03	1.6878E+17
3.3950E+03	1.6373E+17
3.4000E+03	2.1566E+17
3.4050E+03	7.6621E+16
3.4100E+03	1.2188E+17
3.4150E+03	1.2567E+17
3.4200E+03	2.2726E+17
3.4250E+03	1.7242E+17
3.4300E+03	1.5074E+17
3.4350E+03	2.0059E+17
3.4400E+03	1.3975E+17
3.4450E+03	1.9597E+17
3.4500E+03	1.9452E+17
3.4550E+03	1.4506E+17
3.4600E+03	2.1773E+17
3.4650E+03	1.7199E+17
3.4700E+03	2.1486E+17
3.4750E+03	1.9243E+17
3.4800E+03	1.9796E+17
3.4850E+03	2.1228E+17
3.4900E+03	1.8272E+17
3.4950E+03	2.1641E+17
3.5000E+03	2.1143E+17
3.5050E+03	2.0997E+17
3.5100E+03	2.1204E+17
3.5150E+03	2.0349E+17
3.5200E+03	2.1619E+17
3.5250E+03	2.0230E+17
3.5300E+03	1.9903E+17
3.5350E+03	1.6870E+17
3.5400E+03	1.6128E+17
3.5450E+03	1.7061E+17
3.5500E+03	1.8943E+17
3.5550E+03	1.6232E+17
3.5600E+03	1.9355E+17
3.5650E+03	1.9562E+17
3.5700E+03	1.5024E+17
3.5750E+03	1.5603E+17
3.5800E+03	1.8383E+17
3.5850E+03	1.6567E+17
3.5900E+03	1.7115E+17
3.5950E+03	1.7537E+17
3.6000E+03	1.8667E+17
3.6050E+03	1.8874E+17
3.6100E+03	1.7265E+17
3.6150E+03	1.7307E+17
3.6200E+03	2.1139E+17
3.6250E+03	1.8796E+17
3.6300E+03	1.8237E+17
3.6350E+03	1.8848E+17
3.6400E+03	2.1073E+17
3.6450E+03	1.9450E+17
3.6500E+03	1.8558E+17
3.6550E+03	2.0240E+17
3.6600E+03	2.0083E+17
3.6650E+03	1.9004E+17
3.6700E+03	1.4632E+17
3.6750E+03	8.9357E+16
3.6800E+03	1.5432E+17
3.6850E+03	1.7493E+17
3.6900E+03	1.8000E+17
3.6950E+03	1.8787E+17
3.7000E+03	2.0303E+17
3.7050E+03	2.0144E+17
3.7100E+03	1.7519E+17
3.7150E+03	1.7280E+17
3.7200E+03	1.9476E+17
3.7250E+03	2.0065E+17
3.7300E+03	1.7425E+17
3.7350E+03	1.6151E+17
3.7400E+03	1.6681E+17
3.7450E+03	1.9418E+17
3.7500E+03	1.7556E+17
3.7550E+03	1.7013E+17
3.7600E+03	1.6770E+17
3.7650E+03	1.6224E+17
3.7700E+03	1.7327E+17
3.7750E+03	1.7217E+17
3.7800E+03	1.8230E+17
3.7850E+03	1.6787E+17
3.7900E+03	1.4786E+17
3.7950E+03	1.6946E+17
3.8000E+03	1.8862E+17
3.8050E+03	1.7814E+17
3.8100E+03	1.5804E+17
3.8150E+03	1.4865E+17
3.8200E+03	1.8577E+17
3.8250E+03	1.8293E+17
3.8300E+03	1.8490E+17
3.8350E+03	1.4808E+17
3.8400E+03	1.7340E+17
3.8450E+03	1.6975E+17
3.8500E+03	1.7094E+17
3.8550E+03	1.6496E+17
3.8600E+03	1.5487E+17
3.8650E+03	1.5760E+17
3.8700E+03	1.4339E+17
3.8750E+03	1.3167E+17
3.8800E+03	1.2735E+17
3.8850E+03	1.3240E+17
3.8900E+03	1.3473E+17
3.8950E+03	1.4647E+17
3.9000E+03	1.5530E+17
3.9050E+03	1.5569E+17
3.9100E+03	1.4034E+17
3.9150E+03	1.3757E+17
3.9200E+03	1.3695E+17
3.9250E+03	1.3535E+17
3.9300E+03	1.3928E+17
3.9350E+03	1.4560E+17
3.9400E+03	1.4677E+17
3.9450E+03	1.4954E+17
3.9500E+03	1.5152E+17
3.9550E+03	1.5351E+17
3.9600E+03	1.5430E+17
3.9650E+03	1.5569E+17
3.9700E+03	1.5329E+17
3.9750E+03	1.5008E+17
3.9800E+03	1.4786E+17
3.9850E+03	1.4885E+17
3.9900E+03	1.4783E+17
3.9950E+03	1.4480E+17
4.0000E+03	1.4297E+17