300.00	0.002965441
300.50	0.003038476
301.00	0.003113132
301.50	0.00318944
302.00	0.003267432
302.50	0.003347139
303.00	0.003428594
303.50	0.003511831
304.00	0.003596883
304.50	0.003683784
305.00	0.003772569
305.50	0.003863273
306.00	0.003955931
306.50	0.00405058
307.00	0.004147256
307.50	0.004245997
308.00	0.00434684
308.50	0.004449824
309.00	0.004554987
309.50	0.004662368
310.00	0.004772009
310.50	0.004883948
311.00	0.004998227
311.50	0.005114888
312.00	0.005233972
312.50	0.005355522
313.00	0.005479582
313.50	0.005606195
314.00	0.005735406
314.50	0.005867259
315.00	0.0060018
315.50	0.006139075
316.00	0.006279131
316.50	0.006422015
317.00	0.006567775
317.50	0.006716459
318.00	0.006868116
318.50	0.007022796
319.00	0.007180549
319.50	0.007341426
320.00	0.007505478
320.50	0.007672758
321.00	0.007843317
321.50	0.008017209
322.00	0.008194488
322.50	0.008375208
323.00	0.008559424
323.50	0.008747193
324.00	0.008938569
324.50	0.00913361
325.00	0.009332373
325.50	0.009534917
326.00	0.0097413
326.50	0.009951581
327.00	0.01016582
327.50	0.010384078
328.00	0.010606415
328.50	0.010832894
329.00	0.011063576
329.50	0.011298525
330.00	0.011537804
330.50	0.011781478
331.00	0.012029609
331.50	0.012282265
332.00	0.012539511
332.50	0.012801413
333.00	0.013068039
333.50	0.013339455
334.00	0.013615731
334.50	0.013896934
335.00	0.014183135
335.50	0.014474403
336.00	0.014770809
336.50	0.015072424
337.00	0.015379319
337.50	0.015691566
338.00	0.016009239
338.50	0.01633241
339.00	0.016661152
339.50	0.016995542
340.00	0.017335652
340.50	0.017681559
341.00	0.018033339
341.50	0.018391067
342.00	0.01875482
342.50	0.019124676
343.00	0.019500713
343.50	0.019883009
344.00	0.020271641
344.50	0.020666691
345.00	0.021068237
345.50	0.021476359
346.00	0.021891137
346.50	0.022312654
347.00	0.022740989
347.50	0.023176224
348.00	0.023618443
348.50	0.024067726
349.00	0.024524157
349.50	0.024987818
350.00	0.025458794
350.50	0.025937168
351.00	0.026423025
351.50	0.026916448
352.00	0.027417522
352.50	0.027926332
353.00	0.028442964
353.50	0.028967503
354.00	0.029500034
354.50	0.030040644
355.00	0.030589418
355.50	0.031146443
356.00	0.031711805
356.50	0.032285592
357.00	0.032867889
357.50	0.033458783
358.00	0.034058362
358.50	0.034666712
359.00	0.035283922
359.50	0.035910076
360.00	0.036545264
360.50	0.037189573
361.00	0.037843088
361.50	0.038505899
362.00	0.039178091
362.50	0.039859753
363.00	0.04055097
363.50	0.04125183
364.00	0.04196242
364.50	0.042682827
365.00	0.043413136
365.50	0.044153435
366.00	0.044903809
366.50	0.045664344
367.00	0.046435127
367.50	0.047216242
368.00	0.048007775
368.50	0.04880981
369.00	0.049622432
369.50	0.050445725
370.00	0.051279772
370.50	0.052124658
371.00	0.052980466
371.50	0.053847276
372.00	0.054725173
372.50	0.055614237
373.00	0.056514549
373.50	0.05742619
374.00	0.058349239
374.50	0.059283777
375.00	0.060229882
375.50	0.061187631
376.00	0.062157103
376.50	0.063138375
377.00	0.064131521
377.50	0.065136619
378.00	0.066153742
378.50	0.067182963
379.00	0.068224357
379.50	0.069277996
380.00	0.07034395
380.50	0.07142229
381.00	0.072513087
381.50	0.073616407
382.00	0.07473232
382.50	0.075860892
383.00	0.077002189
383.50	0.078156275
384.00	0.079323214
384.50	0.08050307
385.00	0.081695902
385.50	0.082901773
386.00	0.08412074
386.50	0.085352863
387.00	0.086598199
387.50	0.087856802
388.00	0.089128728
388.50	0.09041403
389.00	0.09171276
389.50	0.093024968
390.00	0.094350705
390.50	0.095690018
391.00	0.097042955
391.50	0.09840956
392.00	0.099789877
392.50	0.101183949
393.00	0.102591818
393.50	0.104013523
394.00	0.105449102
394.50	0.106898592
395.00	0.108362029
395.50	0.109839445
396.00	0.111330874
396.50	0.112836346
397.00	0.114355891
397.50	0.115889535
398.00	0.117437305
398.50	0.118999224
399.00	0.120575317
399.50	0.122165604
400.00	0.123770104
400.50	0.125388835
401.00	0.127021814
401.50	0.128669054
402.00	0.130330569
402.50	0.13200637
403.00	0.133696466
403.50	0.135400865
404.00	0.137119573
404.50	0.138852594
405.00	0.140599931
405.50	0.142361585
406.00	0.144137554
406.50	0.145927837
407.00	0.147732428
407.50	0.149551322
408.00	0.151384512
408.50	0.153231986
409.00	0.155093735
409.50	0.156969745
410.00	0.158860002
410.50	0.160764489
411.00	0.162683188
411.50	0.164616079
412.00	0.166563141
412.50	0.168524351
413.00	0.170499683
413.50	0.172489111
414.00	0.174492608
414.50	0.176510143
415.00	0.178541684
415.50	0.180587199
416.00	0.182646654
416.50	0.184720011
417.00	0.186807233
417.50	0.18890828
418.00	0.191023113
418.50	0.193151688
419.00	0.195293961
419.50	0.197449888
420.00	0.199619421
420.50	0.201802512
421.00	0.203999112
421.50	0.206209169
422.00	0.208432632
422.50	0.210669447
423.00	0.212919558
423.50	0.215182911
424.00	0.217459446
424.50	0.219749107
425.00	0.222051833
425.50	0.224367563
426.00	0.226696236
426.50	0.229037788
427.00	0.231392156
427.50	0.233759274
428.00	0.236139076
428.50	0.238531496
429.00	0.240936467
429.50	0.243353918
430.00	0.245783782
430.50	0.248225988
431.00	0.250680465
431.50	0.253147142
432.00	0.255625947
432.50	0.258116807
433.00	0.260619648
433.50	0.263134398
434.00	0.265660982
434.50	0.268199325
435.00	0.270749353
435.50	0.273310991
436.00	0.275884162
436.50	0.278468792
437.00	0.281064803
437.50	0.283672121
438.00	0.28629067
438.50	0.288920372
439.00	0.291561152
439.50	0.294212935
440.00	0.296875643
440.50	0.299549202
441.00	0.302233535
441.50	0.304928567
442.00	0.307634223
442.50	0.310350429
443.00	0.31307711
443.50	0.315814192
444.00	0.318561602
444.50	0.321319267
445.00	0.324087114
445.50	0.326865072
446.00	0.329653069
446.50	0.332451036
447.00	0.335258901
447.50	0.338076597
448.00	0.340904056
448.50	0.343741209
449.00	0.34658799
449.50	0.349444335
450.00	0.352310178
450.50	0.355185456
451.00	0.358070105
451.50	0.360964066
452.00	0.363867276
452.50	0.366779677
453.00	0.369701211
453.50	0.37263182
454.00	0.375571448
454.50	0.378520041
455.00	0.381477546
455.50	0.384443908
456.00	0.387419079
456.50	0.390403007
457.00	0.393395645
457.50	0.396396945
458.00	0.39940686
458.50	0.402425348
459.00	0.405452362
459.50	0.408487863
460.00	0.411531809
460.50	0.41458416
461.00	0.417644877
461.50	0.420713925
462.00	0.423791268
462.50	0.426876869
463.00	0.429970698
463.50	0.43307272
464.00	0.436182906
464.50	0.439301225
465.00	0.442427649
465.50	0.44556215
466.00	0.448704702
466.50	0.451855279
467.00	0.455013856
467.50	0.45818041
468.00	0.461354919
468.50	0.46453736
469.00	0.467727712
469.50	0.470925955
470.00	0.474132068
470.50	0.477346034
471.00	0.480567833
471.50	0.483797446
472.00	0.487034857
472.50	0.490280048
473.00	0.493533001
473.50	0.4967937
474.00	0.500062128
474.50	0.503338267
475.00	0.5066221
475.50	0.50991361
476.00	0.51321278
476.50	0.516519591
477.00	0.519834025
477.50	0.523156063
478.00	0.526485684
478.50	0.529822868
479.00	0.533167594
479.50	0.536519838
480.00	0.539879576
480.50	0.543246783
481.00	0.546621433
481.50	0.550003497
482.00	0.553392945
482.50	0.556789745
483.00	0.560193863
483.50	0.563605263
484.00	0.567023907
484.50	0.570449753
485.00	0.573882759
485.50	0.577322879
486.00	0.580770063
486.50	0.58422426
487.00	0.587685415
487.50	0.591153468
488.00	0.594628359
488.50	0.598110021
489.00	0.601598384
489.50	0.605093377
490.00	0.60859492
490.50	0.612102933
491.00	0.615617327
491.50	0.619138014
492.00	0.622664896
492.50	0.626197873
493.00	0.629736839
493.50	0.633281683
494.00	0.636832288
494.50	0.640388531
495.00	0.643950284
495.50	0.647517412
496.00	0.651089777
496.50	0.65466723
497.00	0.658249618
497.50	0.661836782
498.00	0.665428555
498.50	0.669024763
499.00	0.672625225
499.50	0.676229754
500.00	0.679838153
500.50	0.683450219
501.00	0.687065743
501.50	0.690684504
502.00	0.694306276
502.50	0.697930823
503.00	0.701557903
503.50	0.705187264
504.00	0.708818644
504.50	0.712451776
505.00	0.71608638
505.50	0.719722169
506.00	0.723358848
506.50	0.726996112
507.00	0.730633644
507.50	0.734271122
508.00	0.737908212
508.50	0.741544569
509.00	0.745179843
509.50	0.748813668
510.00	0.752445674
510.50	0.756075477
511.00	0.759702685
511.50	0.763326895
512.00	0.766947695
512.50	0.77056466
513.00	0.774177359
513.50	0.777785348
514.00	0.781388173
514.50	0.78498537
515.00	0.788576465
515.50	0.792160974
516.00	0.795738401
516.50	0.799308241
517.00	0.802869979
517.50	0.806423089
518.00	0.809967035
518.50	0.813501272
519.00	0.817025242
519.50	0.82053838
520.00	0.824040109
520.50	0.827529843
521.00	0.831006985
521.50	0.834470931
522.00	0.837921064
522.50	0.841356759
523.00	0.844777382
523.50	0.848182289
524.00	0.851570827
524.50	0.854942334
525.00	0.858296139
525.50	0.861631563
526.00	0.864947916
526.50	0.868244503
527.00	0.871520619
527.50	0.874775552
528.00	0.878008579
528.50	0.881218975
529.00	0.884406003
529.50	0.88756892
530.00	0.890706977
530.50	0.893819419
531.00	0.896905483
531.50	0.8999644
532.00	0.902995396
532.50	0.905997692
533.00	0.908970501
533.50	0.911913034
534.00	0.914824497
534.50	0.91770409
535.00	0.92055101
535.50	0.92336445
536.00	0.926143601
536.50	0.928887648
537.00	0.931595777
537.50	0.934267169
538.00	0.936901003
538.50	0.939496459
539.00	0.942052714
539.50	0.944568943
540.00	0.947044323
540.50	0.94947803
541.00	0.951869239
541.50	0.954217128
542.00	0.956520875
542.50	0.958779659
543.00	0.960992663
543.50	0.963159069
544.00	0.965278066
544.50	0.967348843
545.00	0.969370594
545.50	0.971342517
546.00	0.973263815
546.50	0.975133694
547.00	0.976951369
547.50	0.978716058
548.00	0.980426985
548.50	0.982083383
549.00	0.983684491
549.50	0.985229556
550.00	0.986717831
550.50	0.988148581
551.00	0.989521078
551.50	0.990834603
552.00	0.992088448
552.50	0.993281914
553.00	0.994414315
553.50	0.995484973
554.00	0.996493224
554.50	0.997438415
555.00	0.998319906
555.50	0.999137069
556.00	0.999889291
556.50	1.000575969
557.00	1.001196519
557.50	1.001750369
558.00	1.00223696
558.50	1.002655751
559.00	1.003006217
559.50	1.003287847
560.00	1.003500147
560.50	1.003642641
561.00	1.003714869
561.50	1.003716389
562.00	1.003646776
562.50	1.003505623
563.00	1.003292544
563.50	1.00300717
564.00	1.002649149
564.50	1.002218153
565.00	1.001713871
565.50	1.001136011
566.00	1.000484303
566.50	0.999758497
567.00	0.998958365
567.50	0.998083697
568.00	0.997134307
568.50	0.99611003
569.00	0.995010721
569.50	0.993836258
570.00	0.992586541
570.50	0.991261493
571.00	0.989861058
571.50	0.988385202
572.00	0.986833916
572.50	0.985207211
573.00	0.983505123
573.50	0.98172771
574.00	0.979875052
574.50	0.977947254
575.00	0.975944443
575.50	0.973866769
576.00	0.971714406
576.50	0.969487551
577.00	0.967186424
577.50	0.964811267
578.00	0.962362347
578.50	0.959839955
579.00	0.957244401
579.50	0.954576022
580.00	0.951835176
580.50	0.949022244
581.00	0.946137631
581.50	0.943181763
582.00	0.940155089
582.50	0.93705808
583.00	0.93389123
583.50	0.930655056
584.00	0.927350093
584.50	0.923976901
585.00	0.92053606
585.50	0.917028172
586.00	0.913453859
586.50	0.909813765
587.00	0.906108553
587.50	0.902338906
588.00	0.898505529
588.50	0.894609144
589.00	0.890650494
589.50	0.886630341
590.00	0.882549464
590.50	0.878408663
591.00	0.874208752
591.50	0.869950566
592.00	0.865634956
592.50	0.861262791
593.00	0.856834954
593.50	0.852352346
594.00	0.847815883
594.50	0.843226497
595.00	0.838585133
595.50	0.833892753
596.00	0.829150331
596.50	0.824358855
597.00	0.819519326
597.50	0.814632758
598.00	0.809700177
598.50	0.804722621
599.00	0.799701138
599.50	0.794636789
600.00	0.789530642
600.50	0.784383779
601.00	0.779197287
601.50	0.773972264
602.00	0.768709817
602.50	0.763411059
603.00	0.758077112
603.50	0.752709102
604.00	0.747308165
604.50	0.741875441
605.00	0.736412073
605.50	0.730919213
606.00	0.725398015
606.50	0.719849636
607.00	0.714275237
607.50	0.708675983
608.00	0.703053039
608.50	0.697407572
609.00	0.691740753
609.50	0.686053749
610.00	0.680347731
610.50	0.674623868
611.00	0.668883328
611.50	0.66312728
612.00	0.657356886
612.50	0.651573312
613.00	0.645777717
613.50	0.639971258
614.00	0.634155088
614.50	0.628330356
615.00	0.622498207
615.50	0.616659779
616.00	0.610816206
616.50	0.604968616
617.00	0.59911813
617.50	0.593265861
618.00	0.587412918
618.50	0.581560398
619.00	0.575709392
619.50	0.569860984
620.00	0.564016246
620.50	0.558176243
621.00	0.552342029
621.50	0.546514647
622.00	0.540695132
622.50	0.534884507
623.00	0.529083784
623.50	0.523293962
624.00	0.51751603
624.50	0.511750964
625.00	0.505999729
625.50	0.500263275
626.00	0.494542541
626.50	0.48883845
627.00	0.483151915
627.50	0.477483832
628.00	0.471835086
628.50	0.466206543
629.00	0.46059906
629.50	0.455013475
630.00	0.449450613
630.50	0.443911283
631.00	0.43839628
631.50	0.432906381
632.00	0.427442349
632.50	0.422004932
633.00	0.416594859
633.50	0.411212845
634.00	0.40585959
634.50	0.400535774
635.00	0.395242063
635.50	0.389979106
636.00	0.384747535
636.50	0.379547965
637.00	0.374380995
637.50	0.369247206
638.00	0.364147163
638.50	0.359081415
639.00	0.354050491
639.50	0.349054905
640.00	0.344095154
640.50	0.339171718
641.00	0.33428506
641.50	0.329435625
642.00	0.324623841
642.50	0.319850122
643.00	0.315114862
643.50	0.310418438
644.00	0.305761213
644.50	0.301143532
645.00	0.296565722
645.50	0.292028095
646.00	0.287530947
646.50	0.283074557
647.00	0.278659186
647.50	0.274285083
648.00	0.269952477
648.50	0.265661585
649.00	0.261412604
649.50	0.257205719
650.00	0.253041098
650.50	0.248918894
651.00	0.244839245
651.50	0.240802275
652.00	0.236808092
652.50	0.23285679
653.00	0.228948448
653.50	0.225083132
654.00	0.221260893
654.50	0.217481769
655.00	0.213745783
655.50	0.210052947
656.00	0.206403258
656.50	0.202796701
657.00	0.199233248
657.50	0.195712857
658.00	0.192235476
658.50	0.188801041
659.00	0.185409473
659.50	0.182060686
660.00	0.178754579
660.50	0.175491041
661.00	0.172269951
661.50	0.169091176
662.00	0.165954574
662.50	0.162859991
663.00	0.159807265
663.50	0.156796224
664.00	0.153826684
664.50	0.150898456
665.00	0.148011339
665.50	0.145165125
666.00	0.142359595
666.50	0.139594526
667.00	0.136869683
667.50	0.134184827
668.00	0.131539707
668.50	0.128934069
669.00	0.126367649
669.50	0.12384018
670.00	0.121351384
670.50	0.118900979
671.00	0.116488679
671.50	0.114114188
672.00	0.111777208
672.50	0.109477434
673.00	0.107214555
673.50	0.104988259
674.00	0.102798224
674.50	0.100644129
675.00	0.098525645
675.50	0.096442441
676.00	0.094394182
676.50	0.092380528
677.00	0.090401138
677.50	0.088455666
678.00	0.086543765
678.50	0.084665083
679.00	0.082819268
679.50	0.081005965
680.00	0.079224815
680.50	0.077475461
681.00	0.075757539
681.50	0.074070689
682.00	0.072414547
682.50	0.070788747
683.00	0.069192924
683.50	0.06762671
684.00	0.06608974
684.50	0.064581644
685.00	0.063102056
685.50	0.061650606
686.00	0.060226928
686.50	0.058830652
687.00	0.057461412
687.50	0.056118841
688.00	0.054802571
688.50	0.053512237
689.00	0.052247475
689.50	0.051007919
690.00	0.049793209
690.50	0.048602982
691.00	0.047436878
691.50	0.046294538
692.00	0.045175606
692.50	0.044079726
693.00	0.043006545
693.50	0.041955712
694.00	0.040926876
694.50	0.039919691
695.00	0.03893381
695.50	0.037968892
696.00	0.037024596
696.50	0.036100583
697.00	0.035196517
697.50	0.034312067
698.00	0.033446901
698.50	0.032600692
699.00	0.031773116
699.50	0.030963849
700.00	0.030172573
700.50	0.029398973
701.00	0.028642734
701.50	0.027903548
702.00	0.027181107
702.50	0.026475107
703.00	0.025785248
703.50	0.025111232
704.00	0.024452767
704.50	0.02380956
705.00	0.023181325
705.50	0.022567777
706.00	0.021968637
706.50	0.021383626
707.00	0.020812471
707.50	0.020254901
708.00	0.01971065
708.50	0.019179454
709.00	0.018661053
709.50	0.018155191
710.00	0.017661614
710.50	0.017180073
711.00	0.016710323
711.50	0.01625212
712.00	0.015805225
712.50	0.015369404
713.00	0.014944423
713.50	0.014530055
714.00	0.014126074
714.50	0.013732259
715.00	0.013348391
715.50	0.012974256
716.00	0.012609642
716.50	0.012254342
717.00	0.01190815
717.50	0.011570866
718.00	0.011242292
718.50	0.010922234
719.00	0.0106105
719.50	0.010306902
720.00	0.010011256
720.50	0.00972338
721.00	0.009443097
721.50	0.009170231
722.00	0.00890461
722.50	0.008646066
723.00	0.008394433
723.50	0.008149549
724.00	0.007911254
724.50	0.007679392
725.00	0.007453809
725.50	0.007234355
726.00	0.007020882
726.50	0.006813245
727.00	0.006611302
727.50	0.006414915
728.00	0.006223947
728.50	0.006038265
729.00	0.005857737
729.50	0.005682236
730.00	0.005511635
730.50	0.005345813
731.00	0.005184649
731.50	0.005028025
732.00	0.004875825
732.50	0.004727937
733.00	0.00458425
733.50	0.004444656
734.00	0.004309051
734.50	0.004177329
735.00	0.004049391
735.50	0.003925137
736.00	0.00380447
736.50	0.003687297
737.00	0.003573525
737.50	0.003463063
738.00	0.003355824
738.50	0.003251721
739.00	0.003150671
739.50	0.00305259
740.00	0.0029574
740.50	0.002865021
741.00	0.002775377
741.50	0.002688393
742.00	0.002603997
742.50	0.002522117
743.00	0.002442684
743.50	0.00236563
744.00	0.002290889
744.50	0.002218397
745.00	0.00214809
745.50	0.002079909
746.00	0.002013792
746.50	0.001949681
747.00	0.00188752
747.50	0.001827254
748.00	0.001768828
748.50	0.00171219
749.00	0.001657288
749.50	0.001604074
750.00	0.001552497
750.50	0.001502512
751.00	0.001454071
751.50	0.00140713
752.00	0.001361645
752.50	0.001317573
753.00	0.001274874
753.50	0.001233507
754.00	0.001193432
754.50	0.001154612
755.00	0.001117008
755.50	0.001080587
756.00	0.001045311
756.50	0.001011147
757.00	0.000978061
757.50	0.000946022
758.00	0.000914998
758.50	0.000884957
759.00	0.000855872
759.50	0.000827711
760.00	0.000800449
760.50	0.000774056
761.00	0.000748508
761.50	0.000723777
762.00	0.000699839
762.50	0.00067667
763.00	0.000654245
763.50	0.000632543
764.00	0.00061154
764.50	0.000591216
765.00	0.000571548
765.50	0.000552517
766.00	0.000534103
766.50	0.000516287
767.00	0.000499049
767.50	0.000482373
768.00	0.000466239
768.50	0.000450632
769.00	0.000435535
769.50	0.00042093
770.00	0.000406804
770.50	0.000393141
771.00	0.000379926
771.50	0.000367145
772.00	0.000354784
772.50	0.00034283
773.00	0.00033127
773.50	0.000320091
774.00	0.000309281
774.50	0.000298828
775.00	0.000288721
775.50	0.000278949
776.00	0.000269501
776.50	0.000260366
777.00	0.000251534
777.50	0.000242996
778.00	0.000234742
778.50	0.000226762
779.00	0.000219049
779.50	0.000211593
780.00	0.000204386
780.50	0.000197419
781.00	0.000190686
781.50	0.000184177
782.00	0.000177887
782.50	0.000171808
783.00	0.000165932
783.50	0.000160254
784.00	0.000154767
784.50	0.000149464
785.00	0.000144339
785.50	0.000139387
786.00	0.000134602
786.50	0.000129978
787.00	0.00012551
787.50	0.000121193
788.00	0.000117022
788.50	0.000112992
789.00	0.000109099
789.50	0.000105337
790.00	0.000101702
790.50	9.81912E-05
791.00	9.47991E-05
791.50	9.15221E-05
792.00	8.83565E-05
792.50	8.52984E-05
793.00	8.23444E-05
793.50	7.94908E-05
794.00	7.67345E-05
794.50	7.4072E-05
795.00	7.15003E-05
795.50	6.90163E-05
796.00	6.66171E-05
796.50	6.42999E-05
797.00	6.20618E-05
797.50	5.99002E-05
798.00	5.78126E-05
798.50	5.57965E-05
799.00	5.38494E-05
799.50	5.1969E-05
800.00	5.01532E-05
800.50	4.83996E-05
801.00	4.67062E-05
801.50	4.5071E-05
802.00	4.3492E-05
802.50	4.19673E-05
803.00	4.0495E-05
803.50	3.90735E-05
804.00	3.77009E-05
804.50	3.63756E-05
805.00	3.5096E-05
805.50	3.38606E-05
806.00	3.26678E-05
806.50	3.15162E-05
807.00	3.04045E-05
807.50	2.93312E-05
808.00	2.8295E-05
808.50	2.72948E-05
809.00	2.63291E-05
809.50	2.5397E-05
810.00	2.44972E-05
810.50	2.36286E-05
811.00	2.27902E-05
811.50	2.19809E-05
812.00	2.11998E-05
812.50	2.04459E-05
813.00	1.97182E-05
813.50	1.90158E-05
814.00	1.8338E-05
814.50	1.76838E-05
815.00	1.70524E-05
815.50	1.64431E-05
816.00	1.58551E-05
816.50	1.52876E-05
817.00	1.474E-05
817.50	1.42116E-05
818.00	1.37017E-05
818.50	1.32097E-05
819.00	1.27349E-05
819.50	1.22768E-05
820.00	1.18349E-05
820.50	1.14084E-05
821.00	1.0997E-05
821.50	1.06001E-05
822.00	1.02171E-05
822.50	9.84767E-06
823.00	9.49127E-06
823.50	9.14746E-06
824.00	8.8158E-06
824.50	8.49587E-06
825.00	8.18727E-06
825.50	7.8896E-06
826.00	7.60249E-06
826.50	7.32557E-06
827.00	7.05848E-06
827.50	6.80088E-06
828.00	6.55245E-06
828.50	6.31287E-06
829.00	6.08182E-06
829.50	5.85901E-06
830.00	5.64415E-06
