0	0	0.785398163397448	1.570796326794898
300	0	0	0
301	0	0	0
302	0	0	0
303	0	0	0
304	0	0	0
305	0	0	0
306	0	0	0
307	0	0	0
308	0	0	0
309	0	0	0
310	0	0	0
311	0	0	0
312	0	0	0
313	0	0	0
314	0	0	0
315	0	0	0
316	0	0	0
317	0	0	0
318	0	0	0
319	0	0	0
320	0	0	0
321	0	0	0
322	0	0	0
323	0	0	0
324	0	0	0
325	0	0	0
326	0	0	0
327	0	0	0
328	0	0	0
329	0	0	0
330	0.06266	0.06266	0.06266
331	0.06407	0.06407	0.06407
332	0.06548	0.06548	0.06548
333	0.06689	0.06689	0.06689
334	0.0683	0.0683	0.0683
335	0.06971	0.06971	0.06971
336	0.069624	0.069624	0.069624
337	0.069538	0.069538	0.069538
338	0.069452	0.069452	0.069452
339	0.069366	0.069366	0.069366
340	0.06928	0.06928	0.06928
341	0.06967	0.06967	0.06967
342	0.07006	0.07006	0.07006
343	0.07045	0.07045	0.07045
344	0.07084	0.07084	0.07084
345	0.07123	0.07123	0.07123
346	0.070776	0.070776	0.070776
347	0.070322	0.070322	0.070322
348	0.069868	0.069868	0.069868
349	0.069414	0.069414	0.069414
350	0.06896	0.06896	0.06896
351	0.068942	0.068942	0.068942
352	0.068924	0.068924	0.068924
353	0.068906	0.068906	0.068906
354	0.068888	0.068888	0.068888
355	0.06887	0.06887	0.06887
356	0.06887	0.06887	0.06887
357	0.06887	0.06887	0.06887
358	0.06887	0.06887	0.06887
359	0.06887	0.06887	0.06887
360	0.06887	0.06887	0.06887
361	0.0689	0.0689	0.0689
362	0.06893	0.06893	0.06893
363	0.06896	0.06896	0.06896
364	0.06899	0.06899	0.06899
365	0.06902	0.06902	0.06902
366	0.069142	0.069142	0.069142
367	0.069264	0.069264	0.069264
368	0.069386	0.069386	0.069386
369	0.069508	0.069508	0.069508
370	0.06963	0.06963	0.06963
371	0.070182	0.070182	0.070182
372	0.070734	0.070734	0.070734
373	0.071286	0.071286	0.071286
374	0.071838	0.071838	0.071838
375	0.07239	0.07239	0.07239
376	0.077724	0.077724	0.077724
377	0.083058	0.083058	0.083058
378	0.088392	0.088392	0.088392
379	0.093726	0.093726	0.093726
380	0.09906	0.09906	0.09906
381	0.120846	0.120846	0.120846
382	0.142632	0.142632	0.142632
383	0.164418	0.164418	0.164418
384	0.186204	0.186204	0.186204
385	0.20799	0.20799	0.20799
386	0.249502	0.249502	0.249502
387	0.291014	0.291014	0.291014
388	0.332526	0.332526	0.332526
389	0.374038	0.374038	0.374038
390	0.41555	0.41555	0.41555
391	0.461106	0.461106	0.461106
392	0.506662	0.506662	0.506662
393	0.552218	0.552218	0.552218
394	0.597774	0.597774	0.597774
395	0.64333	0.64333	0.64333
396	0.67675	0.67675	0.67675
397	0.71017	0.71017	0.71017
398	0.74359	0.74359	0.74359
399	0.77701	0.77701	0.77701
400	0.81043	0.81043	0.81043
401	0.828328	0.828328	0.828328
402	0.846226	0.846226	0.846226
403	0.864124	0.864124	0.864124
404	0.882022	0.882022	0.882022
405	0.89992	0.89992	0.89992
406	0.907854	0.907854	0.907854
407	0.915788	0.915788	0.915788
408	0.923722	0.923722	0.923722
409	0.931656	0.931656	0.931656
410	0.93959	0.93959	0.93959
411	0.942718	0.942718	0.942718
412	0.945846	0.945846	0.945846
413	0.948974	0.948974	0.948974
414	0.952102	0.952102	0.952102
415	0.95523	0.95523	0.95523
416	0.9562	0.9562	0.9562
417	0.95717	0.95717	0.95717
418	0.95814	0.95814	0.95814
419	0.95911	0.95911	0.95911
420	0.96008	0.96008	0.96008
421	0.96041	0.96041	0.96041
422	0.96074	0.96074	0.96074
423	0.96107	0.96107	0.96107
424	0.9614	0.9614	0.9614
425	0.96173	0.96173	0.96173
426	0.961914	0.961914	0.961914
427	0.962098	0.962098	0.962098
428	0.962282	0.962282	0.962282
429	0.962466	0.962466	0.962466
430	0.96265	0.96265	0.96265
431	0.962676	0.962676	0.962676
432	0.962702	0.962702	0.962702
433	0.962728	0.962728	0.962728
434	0.962754	0.962754	0.962754
435	0.96278	0.96278	0.96278
436	0.962814	0.962814	0.962814
437	0.962848	0.962848	0.962848
438	0.962882	0.962882	0.962882
439	0.962916	0.962916	0.962916
440	0.96295	0.96295	0.96295
441	0.962744	0.962744	0.962744
442	0.962538	0.962538	0.962538
443	0.962332	0.962332	0.962332
444	0.962126	0.962126	0.962126
445	0.96192	0.96192	0.96192
446	0.961962	0.961962	0.961962
447	0.962004	0.962004	0.962004
448	0.962046	0.962046	0.962046
449	0.962088	0.962088	0.962088
450	0.96213	0.96213	0.96213
451	0.962144	0.962144	0.962144
452	0.962158	0.962158	0.962158
453	0.962172	0.962172	0.962172
454	0.962186	0.962186	0.962186
455	0.9622	0.9622	0.9622
456	0.962018	0.962018	0.962018
457	0.961836	0.961836	0.961836
458	0.961654	0.961654	0.961654
459	0.961472	0.961472	0.961472
460	0.96129	0.96129	0.96129
461	0.961118	0.961118	0.961118
462	0.960946	0.960946	0.960946
463	0.960774	0.960774	0.960774
464	0.960602	0.960602	0.960602
465	0.96043	0.96043	0.96043
466	0.960326	0.960326	0.960326
467	0.960222	0.960222	0.960222
468	0.960118	0.960118	0.960118
469	0.960014	0.960014	0.960014
470	0.95991	0.95991	0.95991
471	0.959938	0.959938	0.959938
472	0.959966	0.959966	0.959966
473	0.959994	0.959994	0.959994
474	0.960022	0.960022	0.960022
475	0.96005	0.96005	0.96005
476	0.95999	0.95999	0.95999
477	0.95993	0.95993	0.95993
478	0.95987	0.95987	0.95987
479	0.95981	0.95981	0.95981
480	0.95975	0.95975	0.95975
481	0.959454	0.959454	0.959454
482	0.959158	0.959158	0.959158
483	0.958862	0.958862	0.958862
484	0.958566	0.958566	0.958566
485	0.95827	0.95827	0.95827
486	0.958166	0.958166	0.958166
487	0.958062	0.958062	0.958062
488	0.957958	0.957958	0.957958
489	0.957854	0.957854	0.957854
490	0.95775	0.95775	0.95775
491	0.957864	0.957864	0.957864
492	0.957978	0.957978	0.957978
493	0.958092	0.958092	0.958092
494	0.958206	0.958206	0.958206
495	0.95832	0.95832	0.95832
496	0.95816	0.95816	0.95816
497	0.958	0.958	0.958
498	0.95784	0.95784	0.95784
499	0.95768	0.95768	0.95768
500	0.95752	0.95752	0.95752
501	0.95732	0.95732	0.95732
502	0.95712	0.95712	0.95712
503	0.95692	0.95692	0.95692
504	0.95672	0.95672	0.95672
505	0.95652	0.95652	0.95652
506	0.956474	0.956474	0.956474
507	0.956428	0.956428	0.956428
508	0.956382	0.956382	0.956382
509	0.956336	0.956336	0.956336
510	0.95629	0.95629	0.95629
511	0.95622	0.95622	0.95622
512	0.95615	0.95615	0.95615
513	0.95608	0.95608	0.95608
514	0.95601	0.95601	0.95601
515	0.95594	0.95594	0.95594
516	0.956064	0.956064	0.956064
517	0.956188	0.956188	0.956188
518	0.956312	0.956312	0.956312
519	0.956436	0.956436	0.956436
520	0.95656	0.95656	0.95656
521	0.95631	0.95631	0.95631
522	0.95606	0.95606	0.95606
523	0.95581	0.95581	0.95581
524	0.95556	0.95556	0.95556
525	0.95531	0.95531	0.95531
526	0.955274	0.955274	0.955274
527	0.955238	0.955238	0.955238
528	0.955202	0.955202	0.955202
529	0.955166	0.955166	0.955166
530	0.95513	0.95513	0.95513
531	0.95499	0.95499	0.95499
532	0.95485	0.95485	0.95485
533	0.95471	0.95471	0.95471
534	0.95457	0.95457	0.95457
535	0.95443	0.95443	0.95443
536	0.954326	0.954326	0.954326
537	0.954222	0.954222	0.954222
538	0.954118	0.954118	0.954118
539	0.954014	0.954014	0.954014
540	0.95391	0.95391	0.95391
541	0.953692	0.953692	0.953692
542	0.953474	0.953474	0.953474
543	0.953256	0.953256	0.953256
544	0.953038	0.953038	0.953038
545	0.95282	0.95282	0.95282
546	0.95269	0.95269	0.95269
547	0.95256	0.95256	0.95256
548	0.95243	0.95243	0.95243
549	0.9523	0.9523	0.9523
550	0.95217	0.95217	0.95217
551	0.952012	0.952012	0.952012
552	0.951854	0.951854	0.951854
553	0.951696	0.951696	0.951696
554	0.951538	0.951538	0.951538
555	0.95138	0.95138	0.95138
556	0.951194	0.951194	0.951194
557	0.951008	0.951008	0.951008
558	0.950822	0.950822	0.950822
559	0.950636	0.950636	0.950636
560	0.95045	0.95045	0.95045
561	0.950406	0.950406	0.950406
562	0.950362	0.950362	0.950362
563	0.950318	0.950318	0.950318
564	0.950274	0.950274	0.950274
565	0.95023	0.95023	0.95023
566	0.950128	0.950128	0.950128
567	0.950026	0.950026	0.950026
568	0.949924	0.949924	0.949924
569	0.949822	0.949822	0.949822
570	0.94972	0.94972	0.94972
571	0.949548	0.949548	0.949548
572	0.949376	0.949376	0.949376
573	0.949204	0.949204	0.949204
574	0.949032	0.949032	0.949032
575	0.94886	0.94886	0.94886
576	0.948682	0.948682	0.948682
577	0.948504	0.948504	0.948504
578	0.948326	0.948326	0.948326
579	0.948148	0.948148	0.948148
580	0.94797	0.94797	0.94797
581	0.94792	0.94792	0.94792
582	0.94787	0.94787	0.94787
583	0.94782	0.94782	0.94782
584	0.94777	0.94777	0.94777
585	0.94772	0.94772	0.94772
586	0.947564	0.947564	0.947564
587	0.947408	0.947408	0.947408
588	0.947252	0.947252	0.947252
589	0.947096	0.947096	0.947096
590	0.94694	0.94694	0.94694
591	0.946744	0.946744	0.946744
592	0.946548	0.946548	0.946548
593	0.946352	0.946352	0.946352
594	0.946156	0.946156	0.946156
595	0.94596	0.94596	0.94596
596	0.945778	0.945778	0.945778
597	0.945596	0.945596	0.945596
598	0.945414	0.945414	0.945414
599	0.945232	0.945232	0.945232
600	0.94505	0.94505	0.94505
601	0.944922	0.944922	0.944922
602	0.944794	0.944794	0.944794
603	0.944666	0.944666	0.944666
604	0.944538	0.944538	0.944538
605	0.94441	0.94441	0.94441
606	0.944228	0.944228	0.944228
607	0.944046	0.944046	0.944046
608	0.943864	0.943864	0.943864
609	0.943682	0.943682	0.943682
610	0.9435	0.9435	0.9435
611	0.94321	0.94321	0.94321
612	0.94292	0.94292	0.94292
613	0.94263	0.94263	0.94263
614	0.94234	0.94234	0.94234
615	0.94205	0.94205	0.94205
616	0.941864	0.941864	0.941864
617	0.941678	0.941678	0.941678
618	0.941492	0.941492	0.941492
619	0.941306	0.941306	0.941306
620	0.94112	0.94112	0.94112
621	0.940892	0.940892	0.940892
622	0.940664	0.940664	0.940664
623	0.940436	0.940436	0.940436
624	0.940208	0.940208	0.940208
625	0.93998	0.93998	0.93998
626	0.939768	0.939768	0.939768
627	0.939556	0.939556	0.939556
628	0.939344	0.939344	0.939344
629	0.939132	0.939132	0.939132
630	0.93892	0.93892	0.93892
631	0.938602	0.938602	0.938602
632	0.938284	0.938284	0.938284
633	0.937966	0.937966	0.937966
634	0.937648	0.937648	0.937648
635	0.93733	0.93733	0.93733
636	0.93731	0.93731	0.93731
637	0.93729	0.93729	0.93729
638	0.93727	0.93727	0.93727
639	0.93725	0.93725	0.93725
640	0.93723	0.93723	0.93723
641	0.936964	0.936964	0.936964
642	0.936698	0.936698	0.936698
643	0.936432	0.936432	0.936432
644	0.936166	0.936166	0.936166
645	0.9359	0.9359	0.9359
646	0.935652	0.935652	0.935652
647	0.935404	0.935404	0.935404
648	0.935156	0.935156	0.935156
649	0.934908	0.934908	0.934908
650	0.93466	0.93466	0.93466
651	0.934444	0.934444	0.934444
652	0.934228	0.934228	0.934228
653	0.934012	0.934012	0.934012
654	0.933796	0.933796	0.933796
655	0.93358	0.93358	0.93358
656	0.933376	0.933376	0.933376
657	0.933172	0.933172	0.933172
658	0.932968	0.932968	0.932968
659	0.932764	0.932764	0.932764
660	0.93256	0.93256	0.93256
661	0.93229	0.93229	0.93229
662	0.93202	0.93202	0.93202
663	0.93175	0.93175	0.93175
664	0.93148	0.93148	0.93148
665	0.93121	0.93121	0.93121
666	0.930848	0.930848	0.930848
667	0.930486	0.930486	0.930486
668	0.930124	0.930124	0.930124
669	0.929762	0.929762	0.929762
670	0.9294	0.9294	0.9294
671	0.929196	0.929196	0.929196
672	0.928992	0.928992	0.928992
673	0.928788	0.928788	0.928788
674	0.928584	0.928584	0.928584
675	0.92838	0.92838	0.92838
676	0.928114	0.928114	0.928114
677	0.927848	0.927848	0.927848
678	0.927582	0.927582	0.927582
679	0.927316	0.927316	0.927316
680	0.92705	0.92705	0.92705
681	0.926798	0.926798	0.926798
682	0.926546	0.926546	0.926546
683	0.926294	0.926294	0.926294
684	0.926042	0.926042	0.926042
685	0.92579	0.92579	0.92579
686	0.925454	0.925454	0.925454
687	0.925118	0.925118	0.925118
688	0.924782	0.924782	0.924782
689	0.924446	0.924446	0.924446
690	0.92411	0.92411	0.92411
691	0.923892	0.923892	0.923892
692	0.923674	0.923674	0.923674
693	0.923456	0.923456	0.923456
694	0.923238	0.923238	0.923238
695	0.92302	0.92302	0.92302
696	0.922746	0.922746	0.922746
697	0.922472	0.922472	0.922472
698	0.922198	0.922198	0.922198
699	0.921924	0.921924	0.921924
700	0.92165	0.92165	0.92165
701	0.921282	0.921282	0.921282
702	0.920914	0.920914	0.920914
703	0.920546	0.920546	0.920546
704	0.920178	0.920178	0.920178
705	0.91981	0.91981	0.91981
706	0.919394	0.919394	0.919394
707	0.918978	0.918978	0.918978
708	0.918562	0.918562	0.918562
709	0.918146	0.918146	0.918146
710	0.91773	0.91773	0.91773
711	0.917272	0.917272	0.917272
712	0.916814	0.916814	0.916814
713	0.916356	0.916356	0.916356
714	0.915898	0.915898	0.915898
715	0.91544	0.91544	0.91544
716	0.915178	0.915178	0.915178
717	0.914916	0.914916	0.914916
718	0.914654	0.914654	0.914654
719	0.914392	0.914392	0.914392
720	0.91413	0.91413	0.91413
721	0.913888	0.913888	0.913888
722	0.913646	0.913646	0.913646
723	0.913404	0.913404	0.913404
724	0.913162	0.913162	0.913162
725	0.91292	0.91292	0.91292
726	0.912462	0.912462	0.912462
727	0.912004	0.912004	0.912004
728	0.911546	0.911546	0.911546
729	0.911088	0.911088	0.911088
730	0.91063	0.91063	0.91063
731	0.910174	0.910174	0.910174
732	0.909718	0.909718	0.909718
733	0.909262	0.909262	0.909262
734	0.908806	0.908806	0.908806
735	0.90835	0.90835	0.90835
736	0.907928	0.907928	0.907928
737	0.907506	0.907506	0.907506
738	0.907084	0.907084	0.907084
739	0.906662	0.906662	0.906662
740	0.90624	0.90624	0.90624
741	0.905754	0.905754	0.905754
742	0.905268	0.905268	0.905268
743	0.904782	0.904782	0.904782
744	0.904296	0.904296	0.904296
745	0.90381	0.90381	0.90381
746	0.903442	0.903442	0.903442
747	0.903074	0.903074	0.903074
748	0.902706	0.902706	0.902706
749	0.902338	0.902338	0.902338
750	0.90197	0.90197	0.90197
751	0.901704	0.901704	0.901704
752	0.901438	0.901438	0.901438
753	0.901172	0.901172	0.901172
754	0.900906	0.900906	0.900906
755	0.90064	0.90064	0.90064
756	0.900032	0.900032	0.900032
757	0.899424	0.899424	0.899424
758	0.898816	0.898816	0.898816
759	0.898208	0.898208	0.898208
760	0.8976	0.8976	0.8976
761	0.897176	0.897176	0.897176
762	0.896752	0.896752	0.896752
763	0.896328	0.896328	0.896328
764	0.895904	0.895904	0.895904
765	0.89548	0.89548	0.89548
766	0.894762	0.894762	0.894762
767	0.894044	0.894044	0.894044
768	0.893326	0.893326	0.893326
769	0.892608	0.892608	0.892608
770	0.89189	0.89189	0.89189
771	0.891676	0.891676	0.891676
772	0.891462	0.891462	0.891462
773	0.891248	0.891248	0.891248
774	0.891034	0.891034	0.891034
775	0.89082	0.89082	0.89082
776	0.89067	0.89067	0.89067
777	0.89052	0.89052	0.89052
778	0.89037	0.89037	0.89037
779	0.89022	0.89022	0.89022
780	0.89007	0.89007	0.89007
781	0.889548	0.889548	0.889548
782	0.889026	0.889026	0.889026
783	0.888504	0.888504	0.888504
784	0.887982	0.887982	0.887982
785	0.88746	0.88746	0.88746
786	0.886862	0.886862	0.886862
787	0.886264	0.886264	0.886264
788	0.885666	0.885666	0.885666
789	0.885068	0.885068	0.885068
790	0.88447	0.88447	0.88447
791	0.884118	0.884118	0.884118
792	0.883766	0.883766	0.883766
793	0.883414	0.883414	0.883414
794	0.883062	0.883062	0.883062
795	0.88271	0.88271	0.88271
796	0.882598	0.882598	0.882598
797	0.882486	0.882486	0.882486
798	0.882374	0.882374	0.882374
799	0.882262	0.882262	0.882262
800	0.88215	0.88215	0.88215
